613248
613250
613252
613253
613256
613258
613260
613262
613264
613266
613268
613270
613272
613274
613276
613278
613280
613282
613283
613286
613288
613290
613292
613294
613295
613298
613300
613302
613304
613306
613308
613310
613312
613314
613316
613318
613320
613321
613324
613326
613328
613330
613332
613334
613336
613338
613340
613342
613344
613346
613348
613350
613352
613354
613355
613358
613360
613362
613364
613366
613368
613370
613372
613373
613376
613378
613380
613382
613384
613386
613388
613390
613392
613394
613396
613397
613400
613402
613404
613406
613408
613410
613412
613414
613416
613418
613420
613422
613424
613426
613428
613430
613432
613434
613436
613438
613440
613442
613443
613445
613448
613450
613452
613454
613456
613457
613460
613462
613463
613466
613468
613470
613472
613474
613475
613478
613480
613482
613484
613486
613487
613490
613492
613494
613496
613498
613500
613503
613504
613505
613508
613510
613512
613514
613516
613518
613520
613522
613524
613526
613528
613530
613532
613534
613536
613538
613540
613541
613544
613546
613548
613550
613552
613554
613556
613558
613560
613562
613564
613566
613568
613570
613572
613574
613576
613578
613580
613582
613584
613586
613588
613590
613592
613594
613596
613598
613600
613603
613604
613606
613608
613610
613612
613614
613616
613618
613620
613622
613624
613626
613628
613630
613632
613634
613636
613638
613640
613642
613643
613646
613648
613650
613652
613654
613655
613658
613660
613662
613664
613666
613668
613670
613672
613674
613676
613678
613680
613682
613684
613686
613688
613690
613691
613694
613696
613698
613700
613702
613703
613706
613708
613710
613712
613713
613715
613718
613719
613722
613724
613726
613728
613730
613732
613734
613736
613737
613740
613742
613744
613746
613748
613750
613752
613754
613756
613758
613760
613762
613764
613766
613768
613770
613772
613774
613776
613778
613780
613782
613784
613786
613788
613790
613791
613794
613796
613798
613800
613803
613804
613806
613808
613810
613812
613814
613816
613818
613820
613822
613824
613826
613828
613830
613832
613834
613836
613838
613839
613842
613844
613846
613848
613850
613852
613854
613856
613858
613860
613862
613863
613866
613868
613870
613872
613874
613876
613878
613880
613882
613884
613886
613887
613890
613892
613893
613896
613898
613899
613902
613904
613906
613908
613910
613912
613914
613916
613918
613920
613922
613923
613926
613928
613930
613932
613934
613935
613938
613940
613942
613944
613946
613948
613950
613953
613953
613956
613958
613960
613962
613964
613966
613968
613970
613972
613974
613976
613978
613980
613982
613983
613986
613988
613990
613992
613994
613995
613998
614000
614003
614005
614007
614008
614010
614012
614014
614016
614018
614020
614022
614024
614025
614028
614030
614032
614034
614036
614037
614040
614041
614043
614046
614048
614049
614052
614054
614056
614058
614060
614062
614064
614066
614067
614070
614072
614073
614076
614078
614080
614082
614084
614086
614088
614090
614091
614094
614095
614098
614100
614102
614103
614106
614108
614110
614112
614114
614116
614118
614120
614121
614124
614126
614127
614130
614132
614134
614136
614138
614140
614142
614144
614146
614148
614149
614152
614154
614156
614157
614160
614162
614164
614166
614168
614170
614172
614174
614176
614178
614180
614182
614184
614186
614188
614190
614192
614194
614196
614198
614199
614202
614204
614206
614208
614210
614212
614214
614216
614218
614220
614222
614224
614226
614228
614230
614232
614234
614236
614238
614240
614242
614244
614246
614248
614250
614252
614254
614256
614258
614260
614262
614264
614266
614268
614270
614271
614274
614276
614278
614280
614282
614284
614286
614288
614290
614292
614294
614296
614298
614300
614302
614304
614306
614308
614310
614312
614314
614316
614318
614319
614322
614324
614326
614328
614330
614332
614334
614336
614337
614340
614342
614344
614346
614348
614350
614352
614354
614356
614358
614360
614362
614364
614366
614367
614370
614372
614374
614376
614378
614380
614382
614384
614386
614388
614390
614392
614394
614396
614398
614400
614402
614404
614406
614408
614410
614412
614414
614416
614418
614420
614422
614424
614426
614428
614430
614432
614434
614436
614438
614440
614442
614444
614446
614448
614449
614452
614454
614456
614458
614460
614462
614464
614466
614468
614470
614472
614474
614476
614478
614480
614482
614484
614486
614488
614490
614492
614494
614496
614498
614500
614502
614504
614506
614508
614510
614512
614514
614516
614518
614520
614522
614524
614526
614527
614530
614532
614534
614536
614538
614540
614542
614544
614546
614548
614550
614552
614554
614556
614557
614560
614562
614564
614566
614568
614570
614572
614574
614576
614578
614580
614582
614584
614586
614588
614590
614592
614594
614596
614598
614600
614602
614604
614606
614608
614610
614612
614614
614616
614618
614620
614622
614624
614626
614628
614630
614632
614634
614636
614638
614640
614641
614644
614646
614648
614650
614653
614654
614656
614658
614659
614662
614664
614666
614668
614670
614672
614674
614676
614677
614680
614682
614684
614686
614688
614690
614692
614694
614696
614698
614700
614703
614704
614706
614708
614710
614712
614714
614716
614718
614720
614722
614724
614726
614728
614730
614732
614734
614736
614737
614740
614742
614743
614746
614748
614749
614753
614754
614756
614758
614760
614762
614764
614766
614768
614770
614772
614774
614776
614778
614780
614782
614784
614786
614788
614790
614792
614794
614796
614798
614800
614802
614803
614806
614808
614810
614812
614814
614816
614818
614820
614822
614824
614826
614828
614830
614831
614834
614836
614838
614840
614842
614844
614845
614848
614850
614852
614854
614856
614858
614860
614862
614863
614866
614868
614870
614872
614874
614875
614878
614880
614882
614884
614886
614888
614890
614892
614893
614896
614898
614899
614903
614904
614906
614908
614910
614912
614914
614916
614918
614920
614922
614924
614926
614928
614929
614932
614934
614936
614938
614940
614941
614944
614945
614948
614950
614952
614953
614956
614958
614960
614962
614964
614966
614968
614970
614972
614974
614976
614978
614980
614981
614984
614986
614988
614989
614992
614994
614996
614998
615000
615003
615004
615006
615008
615010
615012
615014
615016
615018
615020
615022
615024
615026
615028
615029
615032
615034
615036
615038
615040
615042
615044
615046
615048
615050
615052
615053
615055
615058
615060
615062
615064
615066
615068
615070
615072
615074
615076
615078
615080
615082
615084
615086
615088
615090
615092
615094
615096
615098
615100
615102
615104
615106
615108
615110
615112
615114
615116
615118
615120
615122
615124
615126
615128
615130
615132
615134
615136
615138
615140
615142
615144
615147
615148
615150
615153
615154
615156
615158
615160
615162
615164
615166
615168
615170
615172
615174
615176
615178
615179
615182
615184
615186
615187
615190
615192
615194
615196
615198
615200
615203
615204
615206
615208
615210
615212
615214
615216
615218
615220
615222
615224
615226
615228
615230
615232
615234
615236
615238
615240
615242
615244
615246