164520
164522
164524
164526
164528
164530
164532
164534
164536
164538
164540
164542
164543
164546
164547
164550
164552
164554
164556
164558
164560
164562
164564
164565
164568
164570
164572
164574
164576
164578
164580
164582
164584
164586
164588
164590
164592
164593
164596
164598
164600
164601
164604
164606
164607
164610
164612
164614
164616
164618
164620
164622
164624
164626
164628
164630
164632
164634
164636
164638
164640
164642
164644
164646
164648
164650
164652
164654
164656
164658
164660
164661
164664
164666
164668
164670
164672
164673
164676
164678
164680
164682
164684
164685
164688
164690
164691
164694
164696
164697
164700
164702
164704
164706
164708
164710
164712
164714
164716
164718
164720
164722
164724
164726
164728
164730
164732
164734
164736
164738
164740
164742
164744
164746
164748
164750
164752
164754
164756
164757
164760
164762
164764
164766
164768
164770
164772
164774
164776
164778
164780
164782
164784
164786
164788
164790
164792
164794
164796
164798
164800
164802
164804
164806
164808
164810
164812
164814
164816
164818
164820
164822
164824
164826
164828
164829
164832
164834
164836
164838
164840
164842
164844
164846
164848
164850
164852
164854
164856
164858
164860
164862
164864
164865
164868
164870
164871
164874
164876
164877
164880
164882
164884
164886
164888
164890
164892
164895
164896
164898
164900
164902
164904
164906
164907
164910
164912
164914
164916
164918
164920
164922
164924
164925
164928
164930
164931
164934
164936
164938
164940
164942
164944
164946
164948
164950
164952
164954
164955
164958
164960
164962
164964
164966
164968
164970
164972
164973
164976
164978
164980
164982
164984
164986
164988
164990
164991
164994
164996
164998
165000
165002
165003
165006
165008
165010
165012
165014
165016
165018
165020
165022
165024
165026
165028
165030
165032
165034
165036
165038
165040
165042
165044
165045
165048
165050
165051
165054
165056
165058
165060
165062
165063
165066
165068
165070
165072
165074
165076
165078
165080
165082
165084
165086
165088
165090
165092
165094
165096
165098
165100
165102
165104
165106
165108
165110
165112
165114
165116
165118
165120
165122
165124
165126
165128
165130
165132
165134
165136
165138
165140
165142
165144
165146
165148
165150
165152
165154
165156
165158
165160
165162
165164
165166
165168
165170
165172
165174
165176
165178
165180
165182
165184
165186
165188
165190
165192
165195
165196
165198
165200
165202
165204
165206
165207
165210
165212
165214
165216
165218
165220
165222
165224
165226
165228
165230
165232
165234
165235
165238
165240
165242
165244
165246
165248
165250
165252
165254
165256
165258
165260
165262
165264
165266
165268
165270
165272
165274
165276
165278
165280
165282
165284
165286
165288
165290
165292
165294
165296
165298
165300
165302
165304
165306
165308
165310
165312
165314
165316
165318
165319
165322
165324
165326
165328
165330
165332
165334
165336
165338
165340
165342
165345
165346
165348
165350
165352
165354
165356
165358
165360
165361
165364
165366
165368
165370
165372
165374
165376
165378
165380
165382
165384
165386
165388
165390
165392
165394
165396
165398
165400
165402
165404
165406
165408
165410
165412
165414
165416
165418
165420
165422
165424
165426
165428
165430
165432
165434
165436
165438
165440
165442
165444
165446
165448
165450
165452
165454
165456
165457
165460
165462
165463
165466
165468
165470
165472
165474
165476
165478
165480
165482
165484
165486
165487
165490
165492
165494
165496
165498
165499
165502
165504
165506
165508
165510
165512
165514
165516
165518
165520
165522
165524
165526
165528
165530
165532
165534
165536
165538
165540
165542
165544
165546
165548
165550
165552
165554
165556
165558
165560
165562
165564
165565
165568
165570
165571
165574
165576
165578
165580
165582
165584
165586
165588
165590
165592
165594
165596
165598
165600
165601
165604
165606
165607
165610
165612
165614
165616
165618
165620
165622
165624
165626
165628
165630
165632
165634
165636
165638
165640
165642
165644
165646
165648
165650
165652
165654
165655
165658
165660
165661
165664
165666
165668
165670
165672
165674
165676
165678
165679
165682
165684
165686
165688
165690
165692
165694
165696
165698
165700
165702
165704
165706
165708
165709
165712
165714
165715
165718
165720
165722
165724
165726
165728
165730
165732
165734
165736
165738
165740
165742
165744
165745
165748
165750
165752
165754
165756
165758
165760
165762
165764
165766
165768
165770
165772
165774
165776
165778
165780
165782
165784
165786
165788
165790
165792
165794
165796
165798
165800
165802
165804
165806
165808
165810
165812
165814
165816
165818
165820
165822
165824
165826
165828
165830
165832
165834
165836
165838
165840
165842
165844
165846
165848
165850
165852
165854
165856
165858
165860
165862
165864
165866
165868
165870
165872
165874
165876
165878
165880
165882
165884
165886
165888
165890
165892
165894
165896
165898
165900
165902
165904
165906
165908
165910
165912
165914
165916
165918
165920
165922
165924
165926
165928
165930
165932
165934
165936
165938
165940
165942
165944
165946
165948
165950
165952
165954
165956
165958
165960
165962
165964
165966
165968
165970
165972
165974
165976
165978
165980
165982
165983
165986
165988
165990
165992
165994
165996
165998
166000
166002
166004
166006
166008
166010
166012
166014
166016
166018
166020
166022
166024
166026
166028
166030
166032
166034
166036
166038
166040
166042
166044
166046
166048
166049
166052
166054
166056
166058
166060
166062
166063
166066
166067
166070
166072
166073
166076
166078
166080
166082
166084
166085
166088
166090
166092
166094
166096
166098
166100
166102
166104
166106
166108
166109
166112
166114
166116
166118
166120
166122
166124
166126
166127
166130
166132
166133
166136
166138
166140
166142
166144
166146
166148
166150
166152
166154
166156
166158
166160
166162
166164
166166
166168
166170
166172
166174
166175
166178
166180
166182
166184
166186
166188
166190
166192
166194
166196
166198
166200
166202
166204
166206
166208
166210
166211
166214
166216
166218
166220
166222
166224
166226
166228
166230
166232
166234
166235
166238
166240
166242
166244
166246
166247
166250
166252
166254
166256
166258
166260
166262
166264
166266
166268
166270
166272
166274
166276
166277
166280
166282
166284
166286
166288
166290
166292
166294
166295
166298
166300
166301
166304
166306
166308
166310
166312
166313
166316
166318
166320
166322
166324
166326
166328
166330
166331
166334
166336
166338
166340
166342
166344
166346
166348
166349
166352
166354
166355
166358
166360
166362
166364
166366
166368
166370
166372
166374
166376
166378
166380
166382
166384
166385
166388
166390
166392
166394
166396
166398
166400
166402
166404
166406
166408
166410
166412
166414
166416
166418
166420
166422
166424
166426
166428
166430
166432
166434
166436
166438
166439
166442
166444
166446
166448
166450
166452
166454
166456
166458
166460
166462
166464
166466
166468
166470
166472
166474
166476
166478
166480
166482
166484
166486
166488
166490
166492
166494
166496
166498
166499
166502
166504
166506
166508
166510
166513
166515
166517
166520
166521
166522
166523
166526
166528
166530
166532
166534
166536
166538
166540
166542
166544
166546
166548
166550
166552
166554
166556
166558
166560
166562
166564
166566
166568
166570
166572
166574
166576
166578
166580
166582
166584
166586
166587
166590
166592
166594
166596
166598
166600
166602
166604
166606
166608
166610
166612
166614
166616
166618
166620
166622
166624
166626
166628
166630
166632
166634
166636
166638
166640
166642
166644
166646
166648
166650
166652
166654
166656
166658
166659
166662
166664
166666
166668
166670
166671
166674
166676
166678
166680
166682
166684
166686
166688
166690
166692
166694
166696
166698
166700
166702
166704
166706
166708
166711
166712
166714
166716
166718
166720
166722
166724
166726
166728
166730
166731
166734
166736
166737
166740
166742
166744
166746
166748
166750
166752
166754
166756
166758
166760
166761
166764
166766
166768
166770
166772
166774
166776
166778
166780
166782
166784
166786
166788
166790
166792
166794
166796
166798
166800
166802
166804
166806
166808
166810
166812
166814
166816
166818
166820
166822
166824
166826
166828
166830
166832
166834
166836
166838
166840
166842
166844
166846
166848
166850
166852
166854
166856
166858
166860
166862
166864
166866
166868
166870
166872
166874
166876
166878
166880
166882
166884
166886
166888
166890
166892
166894
166896
166898
166900
166902
166904
166906
166908
166910
166912
166914
166916
166918
166920
166922
166924
166926
166928
166930
166932
166934
166935
166938
166940
166941
166944
166944
166948
166950
166952
166954
166956
166958
166959
166962
166964
166965
166968
166970
166972
166974
166976
166978
166980
166982
166983
166986
166988
166990
166992
166994
166996
166998
167000
167002
167004
167006
167007
167010
167012
167013
167016
167018
167019
167022
167024
167026
167028
167030
167031
167034
167036
167038
167040
167042
167044
167046
167048
167050
167052
167054
167055
167058
167060
167062
167064
167066
167068
167070
167072
167074
167076
167078
167079
167082
167084
167086
167088
167090
167092
167094
167096
167097
167100
167102
167104
167106
167108
167110
167112
167114
167116
167118
167120
167122
167124
167126
167127
167130
167132
167134
167136
167138
167139
167142
167144
167146
167148
167150
167152
167154
167156
167158
167160
167162
167164
167166
167168
167170
167172
167174
167176
167178
167180
167182
167184
167186
167188
167190
167192
167194
167196
167198
167200
167202
167204
167206
167208
167210
167212
167214
167216
167218
167220
167222
167224
167226
167228
167230
167232
167234
167236
167238
167240
167242
167244
167246
167248
167250
167252
167254
167256
167258
167260
167262
167264
167266
167268
167270
167272
167274
167276
167278
167280
167282
167284
167286
167288
167290
167292
167294
167296
167298
167300
167302
167304
167306
167308
167310
167312
167314
167316
167318
167320
167322
167324
167326
167328
167330
167332
167334
167336
167338
167340
167342
167344
167346
167348
167350
167352
167354
167356
167358
167360
167362
167364
167365
167368
167370
167372
167374
167376
167378
167380
167382
167384
167386
167388
167390
167392
167394
167396
167398
167400
167402
167404
167406
167407
167410
167412
167413
167416
167418
167420
167422
167424
167426
167428
167430
167432
167434
167436
167438
167440
167442
