175784
175786
175788
175790
175792
175793
175795
175798
175800
175802
175804
175806
175807
175810
175812
175814
175816
175818
175820
175822
175824
175825
175828
175830
175832
175834
175836
175838
175840
175842
175843
175846
175848
175850
175852
175854
175856
175858
175860
175862
175864
175866
175868
175870
175872
175874
175876
175878
175880
175882
175884
175886
175888
175890
175892
175894
175896
175898
175900
175902
175904
175906
175908
175910
175912
175914
175916
175918
175920
175922
175924
175926
175928
175930
175932
175934
175936
175938
175939
175942
175944
175946
175948
175950
175951
175954
175956
175958
175960
175962
175964
175966
175968
175970
175972
175974
175975
175978
175980
175981
175984
175986
175988
175990
175992
175994
175996
175998
176000
176002
176004
176006
176008
176010
176012
176014
176016
176018
176020
176022
176024
176026
176028
176030
176032
176034
176036
176038
176040
176042
176044
176046
176048
176050
176052
176054
176056
176058
176060
176062
176064
176066
176068
176070
176072
176074
176076
176078
176080
176082
176084
176086
176088
176090
176092
176094
176096
176098
176100
176101
176104
176106
176107
176110
176112
176113
176116
176118
176120
176122
176124
176126
176128
176130
176132
176134
176136
176138
176140
176142
176144
176146
176148
176150
176152
176154
176155
176158
176160
176161
176164
176166
176167
176170
176172
176173
176176
176178
176179
176182
176184
176186
176188
176190
176192
176194
176196
176197
176200
176202
176204
176206
176208
176209
176212
176214
176216
176218
176220
176222
176224
176226
176228
176230
176232
176234
176236
176238
176240
176242
176244
176245
176248
176250
176252
176254
176256
176258
176260
176262
176264
176266
176268
176270
176272
176274
176276
176278
176280
176281
176284
176286
176288
176290
176292
176294
176296
176298
176300
176302
176304
176306
176308
176310
176312
176314
176316
176318
176320
176322
176324
176326
176328
176330
176332
176334
176336
176338
176340
176342
176344
176346
176348
176350
176352
176354
176356
176358
176360
176362
176364
176366
176368
176370
176372
176374
176376
176378
176380
176382
176384
176386
176388
176390
176392
176394
176396
176398
176400
176402
176404
176406
176408
176410
176412
176414
176416
176418
176420
176422
176424
176426
176428
176430
176432
176434
176436
176438
176440
176442
176444
176446
176448
176450
176452
176454
176456
176458
176459
176462
176464
176466
176468
176470
176472
176474
176476
176478
176480
176482
176484
176486
176488
176490
176492
176494
176496
176498
176500
176502
176504
176506
176508
176510
176512
176514
176516
176518
176520
176522
176524
176526
176528
176530
176532
176534
176536
176537
176540
176542
176544
176546
176548
176550
176552
176554
176556
176558
176560
176562
176564
176566
176568
176570
176572
176574
176576
176578
176580
176582
176584
176585
176588
176590
176591
176594
176596
176598
176600
176602
176604
176606
176608
176610
176612
176614
176616
176618
176620
176622
176624
176626
176628
176630
176632
176634
176636
176638
176640
176642
176644
176646
176648
176650
176652
176654
176656
176657
176660
176662
176664
176666
176668
176670
176672
176674
176675
176678
176680
176682
176684
176686
176688
176690
176692
176694
176696
176698
176700
176702
176704
176706
176708
176710
176712
176714
176716
176718
176720
176722
176724
176726
176728
176730
176732
176734
176736
176738
176740
176742
176744
176746
176748
176750
176752
176754
176756
176758
176760
176762
176764
176766
176768
176770
176771
176774
176776
176778
176780
176782
176784
176786
176788
176790
176792
176794
176796
176798
176800
176801
176804
176806
176808
176810
176812
176814
176816
176818
176820
176822
176824
176826
176828
176830
176832
176834
176836
176837
176840
176842
176844
176846
176848
176850
176852
176854
176855
176858
176860
176862
176864
176866
176868
176870
176872
176874
176876
176878
176880
176882
176884
176886
176888
176890
176892
176894
176896
176898
176900
176902
176904
176906
176908
176909
176912
176914
176915
176918
176920
176922
176924
176926
176927
176930
176932
176934
176936
176938
176939
176942
176944
176945
176948
176950
176952
176954
176956
176958
176960
176962
176964
176966
176968
176970
176972
176974
176975
176978
176980
176982
176984
176986
176988
176990
176992
176994
176996
176998
177000
177002
177004
177006
177008
177010
177011
177014
177016
177018
177020
177022
177023
177026
177028
177030
177032
177034
177036
177038
177040
177042
177044
177046
177048
177050
177052
177054
177056
177058
177060
177062
177064
177066
177068
177070
177072
177074
177076
177078
177080
177082
177084
177086
177088
177090
177092
177094
177096
177098
177100
177102
177104
177106
177108
177110
177112
177114
177116
177118
177120
177122
177124
177126
177128
177130
177132
177134
177136
177138
177140
177142
177144
177146
177148
177150
177152
177154
177155
177158
177160
177162
177164
177166
177168
177170
177172
177174
177176
177178
177180
177182
177184
177186
177188
177190
177192
177194
177196
177198
177200
177202
177204
177206
177208
177210
177212
177214
177216
177218
177220
177222
177224
177226
177228
177230
177232
177234
177236
177238
177240
177242
177244
177246
177248
177250
177252
177254
177256
177258
177260
177262
177264
177266
177268
177270
177272
177274
177276
177278
177280
177282
177284
177286
177288
177290
177291
177294
177296
177298
177300
177302
177304
177306
177308
177310
177312
177314
177315
177318
177320
177322
177324
177326
177328
177330
177332
177334
177336
177338
177340
177342
177344
177346
177348
177350
177352
177354
177356
177358
177360
177362
177364
177366
177368
177370
177372
177374
177376
177378
177380
177382
177384
177386
177388
177390
177392
177394
177396
177398
177400
177402
177404
177406
177408
177410
177411
177414
177416
177417
177420
177422
177423
177426
177428
177430
177432
177434
177435
177438
177440
177441
177444
177446
177448
177450
177452
177454
177456
177458
177460
177462
177464
177466
177468
177470
177471
177474
177476
177478
177480
177482
177484
177486
177488
177490
177492
177495
177496
177498
177500
177502
177504
177506
177508
177510
177512
177514
177516
177518
177520
177522
177524
177526
177528
177530
177532
177534
177536
177537
177540
177542
177544
177546
177548
177550
177552
177554
177555
177558
177560
177561
177564
177566
177568
177570
177572
177574
177576
177578
177580
177582
177584
177586
177588
177590
177592
177595
177596
177598
177600
177602
177604
177606
177608
177610
177612
177614
177616
177618
177620
177622
177624
177626
177628
177630
177632
177634
177636
177638
177640
177642
177644
177646
177648
177650
177652
177654
177656
177657
177660
177662
177664
177666
177668
177669
177672
177674
177676
177678
177680
177682
177684
177686
177687
177690
177692
177694
177696
177698
177700
177702
177704
177706
177708
177710
177712
177714
177716
177718
177720
177722
177724
177726
177728
177730
177732
177734
177736
177738
177740
177742
177744
177746
177748
177750
177752
177754
177756
177758
177760
177762
177764
177766
177768
177770
177772
177774
177776
177778
177780
177782
177784
177786
177788
177790
177792
177794
177796
177798
177800
177801
177804
177806
177808
177810
177812
177814
177816
177818
177820
177822
177824
177826
177828
177830
177832
177834
177836
177838
177840
177842
177844
177846
177848
177850
177852
177854
177856
177858
177860
177862
177864
177866
177868
177870
177872
177874
177876
177878
177880
177882
177884
177886
177888
177890
177892
177894
177896
177898
177900
177902
177904
177906
177908
177910
177912
177914
177916
177918
177920
177922
177924
177926
177928
177930
177932
177934
177936
177938
177940
177942
177944
177946
177948
177950
177952
177954
177956
177958
177960
177962
177964
177966
177968
177970
177972
177974
177976
177978
177980
177982
177984
177986
177988
177990
177992
177994
177996
177998
178000
178002
178004
178006
178008
178010
178012
178014
178016
178018
178020
178022
178024
178026
178028
178030
178032
178034
178036
178038
178040
178042
178044
178046
178048
178050
178052
178054
178056
178057
178060
178062
178064
178066
178068
178070
178072
178074
178076
178078
178080
178082
178084
178086
178088
178090
178092
178094
178096
178098
178100
178102
178104
178106
178108
178110
178112
178114
178116
178118
178120
178122
178124
178126
178128
178130
178132
178134
178136
178138
178140
178142
178144
178146
178148
178150
178152
178154
178156
178158
178160
178162
178164
178166
178168
178170
178172
178174
178176
178178
178180
178182
178184
178186
178188
178189
178192
178194
178196
178198
178200
178202
178204
178206
178208
178210
178212
178213
178216
178218
178219
178222
178224
178225
178228
178230
178232
178234
178236
178237
178240
178242
178244
178246
178248
178250
178252
178254
178256
178258
178260
178262
178264
178266
178268
178270
178272
178274
178276
178278
178279
178282
178284
178286
178288
178290
178292
178294
178296
178298
178300
178302
178304
178306
178308
178310
178312
178314
178316
178318
178320
178322
178324
178326
178328
178330
178332
178334
178336
178338
178340
178342
178344
178346
178348
178350
178351
178354
178356
178358
178360
178362
178363
178366
178368
178370
178372
178374
178376
178378
178380
178382
178384
178386
178388
178390
178392
178394
178396
178398
178399
178402
178404
178406
178408
178410
178412
178414
178416
178418
178420
178422
178424
178426
178428
178430
178432
178434
178436
178438
178440
178442
178444
178446
178448
178450
178452
178454
178456
178458
178460
178462
178464
178466
178468
178470
178472
178474
178476
178478
178480
178482
178484
178486
178488
178490
178492
178494
178496
178498
178500
178502
178504
178506
178508
178510
178512
178514
178516
178518
178520
178522
178524
178526
178528
178530
178532
178534
178536
178538
178540
178542
178544
178546
178548
178550
178552
178554
178556
178558
178560
178562
178564
178566
178568
178570
178572
178574
178576
178578
178580
178582
178584
178586
178588
178589
178592
178594
178595
178598
178600
178602
178604
178606
178608
178610
178612
178614
178616
178618
178620
178622
178624
178626
178628
178630
178632
178634
178636
178638
178640
178642
178644
178646
178648
178650
178652
178654
178656
178658
178660
178662
178664
178666
178668
178670
178672
178674
178676
178678
178680
178682
178684
178686
178688
178689
178692
178694
178696
178697
178700
178702
178703
178706
178708
178710
178712
178714
178716
178718
178720
178722
178724
178726
178728
178730
178732
178734
178736
178738
178739
178742
178744
178746
178748
178750
178752
178754
178756
178758
178760
178762
178764
178766
178768
178770
178772
178774
178776
178778
178780
178782
178784
178786
178788
178790
178792
178794
178796
178798
178800
178802
178804
178806
178808
178810
178812
