347147
347149
347151
347153
347155
347157
347159
347161
347163
347165
347167
347169
347171
347173
347175
347177
347179
347181
347183
347185
347187
347189
347191
347193
347195
347197
347199
347201
347203
347205
347207
347209
347211
347213
347215
347217
347219
347221
347223
347225
347227
347229
347231
347233
347235
347237
347239
347241
347243
347245
347247
347249
347251
347253
347255
347257
347259
347261
347263
347265
347267
347269
347271
347273
347275
347277
347279
347281
347283
347285
347287
347289
347291
347293
347295
347296
347299
347301
347303
347305
347307
347309
347311
347313
347315
347317
347319
347321
347323
347325
347327
347329
347331
347333
347335
347337
347339
347341
347343
347345
347347
347349
347351
347353
347355
347357
347359
347361
347363
347365
347367
347369
347371
347373
347375
347377
347379
347381
347383
347385
347387
347389
347391
347393
347394
347397
347399
347402
347403
347405
347407
347409
347411
347413
347415
347417
347419
347421
347423
347425
347427
347429
347431
347433
347435
347437
347439
347440
347443
347445
347447
347449
347452
347453
347455
347457
347459
347461
347463
347465
347467
347469
347471
347473
347475
347477
347479
347481
347483
347485
347487
347489
347491
347493
347494
347497
347499
347501
347502
347505
347507
347509
347511
347513
347514
347517
347519
347521
347523
347525
347527
347529
347531
347533
347535
347537
347538
347541
347543
347545
347547
347549
347552
347553
347555
347557
347559
347561
347563
347565
347567
347569
347571
347573
347575
347577
347579
347581
347583
347585
347587
347589
347591
347593
347595
347597
347599
347602
347603
347605
347607
347609
347611
347613
347615
347617
347619
347621
347623
347625
347627
347629
347631
347632
347635
347637
347639
347641
347643
347645
347647
347649
347651
347653
347655
347657
347659
347661
347663
347665
347667
347669
347671
347673
347674
347677
347679
347681
347683
347685
347687
347689
347691
347693
347695
347697
347699
347702
347703
347705
347707
347709
347711
347713
347715
347717
347719
347721
347723
347725
347727
347729
347731
347733
347735
347737
347739
347741
347743
347745
347747
347749
347751
347753
347755
347757
347759
347761
347763
347765
347767
347769
347771
347773
347775
347777
347779
347781
347783
347785
347787
347789
347791
347793
347795
347797
347799
347801
347803
347805
347807
347810
347811
347813
347815
347817
347819
347821
347823
347825
347827
347829
347831
347833
347835
347837
347839
347841
347843
347845
347847
347849
347851
347853
347855
347857
347859
347861
347863
347865
347867
347869
347871
347873
347875
347877
347879
347881
347883
347885
347887
347889
347891
347894
347895
347897
347899
347901
347903
347905
347907
347909
347911
347913
347915
347917
347919
347921
347923
347925
347927
347929
347931
347933
347935
347937
347939
347941
347943
347945
347947
347949
347952
347953
347955
347957
347959
347961
347963
347965
347967
347969
347971
347973
347975
347977
347979
347981
347983
347985
347987
347989
347991
347993
347995
347997
347999
348001
348003
348005
348007
348009
348012
348013
348015
348017
348019
348021
348023
348025
348027
348029
348031
348033
348035
348037
348039
348041
348043
348045
348047
348049
348052
348053
348055
348057
348059
348061
348063
348066
348067
348069
348071
348073
348075
348077
348079
348081
348082
348085
348087
348088
348091
348093
348095
348097
348099
348102
348103
348105
348107
348109
348111
348113
348115
348117
348119
348121
348123
348125
348126
348129
348130
348133
348135
348137
348139
348141
348143
348145
348147
348149
348151
348153
348155
348157
348159
348161
348163
348165
348167
348169
348171
348173
348175
348177
348179
348181
348183
348185
348187
348189
348191
348193
348195
348197
348199
348201
348203
348205
348207
348209
348210
348213
348215
348217
348219
348221
348223
348225
348228
348230
348232
348235
348236
348237
348239
348241
348243
348245
348247
348248
348251
348253
348255
348257
348259
348261
348263
348265
348267
348269
348271
348273
348275
348277
348279
348281
348283
348285
348287
348289
348291
348293
348295
348297
348299
348301
348303
348305
348307
348309
348311
348313
348315
348317
348319
348321
348323
348325
348327
348329
348331
348333
348335
348337
348339
348341
348343
348345
348347
348349
348351
348353
348355
348357
348359
348361
348363
348365
348367
348369
348371
348373
348375
348377
348379
348381
348383
348385
348387
348389
348391
348393
348395
348397
348399
348401
348403
348405
348407
348409
348411
348413
348415
348417
348419
348421
348423
348425
348427
348429
348431
348433
348435
348437
348439
348441
348443
348445
348447
348449
348451
348453
348455
348457
348459
348461
348463
348465
348467
348469
348471
348473
348475
348477
348479
348483
348487
348489
348491
348493
348494
348497
348499
348501
348503
348505
348507
348509
348511
348513
348515
348517
348519
348521
348523
348525
348527
348529
348531
348533
348535
348537
348539
348541
348543
348545
348547
348549
348551
348553
348555
348557
348559
348561
348563
348565
348567
348569
348571
348573
348575
348577
348579
348581
348583
348585
348587
348589
348591
348595
348597
348603
348603
348605
348607
348608
348611
348613
348615
348617
348619
348621
348623
348625
348627
348629
348631
348633
348635
348637
348639
348641
348643
348645
348647
348649
348651
348653
348655
348657
348659
348661
348663
348665
348667
348669
348671
348673
348675
348677
348679
348681
348683
348685
348687
348689
348691
348693
348695
348697
348699
348702
348703
348705
348707
348709
348711
348713
348715
348717
348719
348721
348723
348725
348726
348729
348731
348733
348735
348737
348739
348741
348743
348745
348747
348749
348751
348753
348755
348757
348759
348761
348763
348765
348767
348769
348771
348773
348775
348777
348779
348781
348783
348785
348787
348789
348791
348793
348795
348797
348799
348802
348803
348805
348807
348809
348811
348813
348815
348817
348819
348821
348823
348825
348827
348829
348831
348833
348835
348837
348839
348841
348843
348845
348846
348849
348852
348853
348855
348857
348859
348861
348863
348865
348867
348869
348871
348873
348875
348877
348878
348881
348883
348884
348887
348888
348891
348893
348895
348897
348899
348901
348903
348905
348907
348909
348911
348913
348915
348917
348918
348921
348923
348925
348927
348929
348930
348933
348935
348937
348939
348941
348943
348945
348947
348949
348952
348953
348955
348957
348958
348961
348963
348965
348967
348969
348971
348973
348975
348977
348979
348981
348983
348985
348987
348989
348991
348993
348995
348997
348999
349001
349003
349004
349007
349009
349011
349013
349015
349017
349019
349021
349023
349025
349027
349029
349031
349033
349036
349037
349039
349041
349043
349045
349047
349049
349052
349053
349055
349057
349059
349061
349063
349065
349067
349069
349071
349073
349075
349077
349079
349081
349083
349085
349087
349089
349091
349093
349095
349097
349099
349101
349103
349105
349107
349109
349111
349113
349115
349117
349119
349121
349123
349125
349127
349129
349131
349133
349135
349137
349139
349141
349143
349145
349147
349149
349152
349153
349155
349157
349159
349161
349163
349165
349167
349169
349171
349173
349175
349177
349179
349181
349183
349185
349187
349189
349191
349193
349195
349197
349199
349201
349203
349205
349207
349209
349211
349213
349215
349217
349219
349221
349223
349225
349227
349229
349231
349233
349236
349237
349239
349241
349243
349245
349247
349249
349252
349253
349255
349257
349259
349261
349263
349265
349267
349269
349271
349273
349275
349277
349279
349281
349283
349285
349287
349289
349290
349293
349295
349297
349299
349302
349303
349305
349307
349309
349311
349313
349315
349317
349319
349321
349323
349325
349327
349329
349331
349333
349335
349337
349339
349341
349343
349345
349347
349349
349352
349353
349355
349357
349359
349361
349363
349365
349367
349369
349371
349373
349375
349377
349379
349381
349383
349385
349387
349389
349391
349393
349395
349397
349399
349402
349403
349405
349407
349409
349411
349413
349415
349417
349419
349421
349422
349425
349427
349429
349431
349433
349435
349437
349439
349441
349443
349444
349447
349449
349451
349453
349455
349457
349459
349461
349463
349466
349468
349469
349471
349474
349477
349478
349479
349481
349483
349485
349487
349489
349491
349493
349495
349497
349499
349502
349503
349505
349507
349509
349511
349513
349515
349517
349519
349521
349523
349525
349527
349529
349531
349533
349535
349537
349539
349541
349543
349545
349546
349549
349551
349553
349555
349557
349559
349561
349563
349565
349567
349569
349571
349573
349575
349577
349579
349581
349583
349585
349587
349589
349591
349593
349595
349597
349599
349601
349603
349605
349607
349609
349611
349613
349615
349617
349619
349621
349623
349625
349627
349629
349631
349633
349635
349637
349639
349641
349643
349645
349647
349649
349651
349653
349655
349657
349659
349660
349663
349665
349667
349669
349671
349673
349675
349677
349679
349681
349683
349685
349687
349689
349691
349693
349695
349697
349699
349701
349703
349705
349707
349709
349711
349713
349715
349717
349719
349721
349723
349725
349726
349729
349731
349733
349735
349737
349739
349741
349743
349745
349747
349749
349751
349753
349755
349757
349759
349761
349763
349765
349767
349769
349771
349773
349775
349777
349779
349781
349783
349785
349787
349789
349791
349793
349795
349797
349799
349801
349803
349805
349807
349809
349811
349813
349815
349817
349819
349821
349823
349825
349827
349829
349831
349833
349835
349837
349839
349841
349843
349845
349847
349849
349851
349853
349855
349857
349859
349861
349863
349865
349867
349869
349871
349873
349875
349877
349879
349881
349883
349885
349887
349889
349891
349893
349895
349897
349899
349901
349903
349905
349907
349909
349911
349913
349915
349917
349919
349921
349923
349925
349927
349929
349930
349933
349935
349937
349939
349941
349943
349945
349947
349949
349952
349953
349955
349957
349959
349961
349963
349965
349967
349969
349971
349973
349975
349977
349979
349981
349983
349985
349987
349989
349991
349993
349995
349997
349999
350001
350003
350005
350007
350008
350011
350013
350015
350017
350019
350021
350023
350025
350027
350029
350031
350032
350035
350037
350039
350041
350043
350045
350047
350049
350050
350053
350055
350057
350059
350061
350063
350065
350067
350069
350071
350073
350075
350077
350079
350081
350083
350085
350087
350089
350091
350092
350095
350097
350099
350102
350103
350105
350107
350109
350110
350113
350115
350117
350119
350121
350122
350125
350127
350129
350131
350133
350135
350137
350139
350141
350143
350145
350147
350149
350151
350153
350155
350157
350159
350161
350163
350165
350167
350169
350171
350173
350175
350176
350179
350181
350183
350185
350187
350189
350191
350193
350195
350197
350198
350202
350203
350205
350207
350209
350211
350213
350215
350217
350219
350221
350223
350225
350227
350229
350231
350233
350235
350236
350239
350241
350243
350245
350247
350249
350251
350253
350255
350257
350259
350261
350263
350265
350267
350269
350271
350273
350275
350277
350279
350281
350283
350285
350287
350289
350291
350293
350295
350297
350299
350301
350303
350305
350307
350309
350311
350313
350315
350317
350319
350320
350323
350325
350327
350329
350331
350333
350335
350337
350339
350341
350343
350345
350347
350349
350352
350353
350355
350357
350359
350361
350363
350365
350367
350369
350371
350373
350375
350377
350379
350381
350383
350385
350387
350389
350391
350393
350395
350396
350399
350401
350402
350406
350407
350408
350411
350413
350415
350417
350419
350421
350423
350425
350427
350429
350431
350433
350435
350437
350439
350441
350443
350445
350447
350449
350451
350453
350455
350457
350459
350461
350463
350465
350467
350469
350471
350473
350475
350477
350479
350481
350483
350485
350487
350489
350491
350493
350495
350497
350499
350503
350506
350507
350509
350511
350513
350515
350517
350519
350521
350523
350525
350527
350529
350531
350532
350535
350537
350539
350541
350543
350545
350547
350549
350551
350553
350555
350557
350559
350562
350563
350565
350567
350569
