0.000000 -0.600000 1.900000 -1.600000 2.000000 0.000000 0.500000
0.000000 -0.597993 1.893645 -1.594649 1.993311 0.000000 0.500000
0.000000 -0.595987 1.887291 -1.589298 1.986622 0.000000 0.500000
0.000000 -0.593980 1.880936 -1.583946 1.979933 0.000000 0.500000
0.000000 -0.591973 1.874582 -1.578595 1.973244 0.000000 0.500000
0.000000 -0.589967 1.868227 -1.573244 1.966555 0.000000 0.500000
0.000000 -0.587960 1.861873 -1.567893 1.959866 0.000000 0.500000
0.000000 -0.585953 1.855518 -1.562542 1.953177 0.000000 0.500000
0.000000 -0.583946 1.849164 -1.557191 1.946488 0.000000 0.500000
0.000000 -0.581940 1.842809 -1.551839 1.939799 0.000000 0.500000
0.000000 -0.579933 1.836455 -1.546488 1.933110 0.000000 0.500000
0.000000 -0.577926 1.830100 -1.541137 1.926421 0.000000 0.500000
0.000000 -0.575920 1.823746 -1.535786 1.919732 0.000000 0.500000
0.000000 -0.573913 1.817391 -1.530435 1.913043 0.000000 0.500000
0.000000 -0.571906 1.811037 -1.525084 1.906355 0.000000 0.500000
0.000000 -0.569900 1.804682 -1.519732 1.899666 0.000000 0.500000
0.000000 -0.567893 1.798328 -1.514381 1.892977 0.000000 0.500000
0.000000 -0.565886 1.791973 -1.509030 1.886288 0.000000 0.500000
0.000000 -0.563880 1.785619 -1.503679 1.879599 0.000000 0.500000
0.000000 -0.561873 1.779264 -1.498328 1.872910 0.000000 0.500000
0.000000 -0.559866 1.772910 -1.492977 1.866221 0.000000 0.500000
0.000000 -0.557860 1.766555 -1.487625 1.859532 0.000000 0.500000
0.000000 -0.555853 1.760201 -1.482274 1.852843 0.000000 0.500000
0.000000 -0.553846 1.753846 -1.476923 1.846154 0.000000 0.500000
0.000000 -0.551839 1.747492 -1.471572 1.839465 0.000000 0.500000
0.000000 -0.549833 1.741137 -1.466221 1.832776 0.000000 0.500000
0.000000 -0.547826 1.734783 -1.460870 1.826087 0.000000 0.500000
0.000000 -0.545819 1.728428 -1.455518 1.819398 0.000000 0.500000
0.000000 -0.543813 1.722074 -1.450167 1.812709 0.000000 0.500000
0.000000 -0.541806 1.715719 -1.444816 1.806020 0.000000 0.500000
0.000000 -0.539799 1.709365 -1.439465 1.799331 0.000000 0.500000
0.000000 -0.537793 1.703010 -1.434114 1.792642 0.000000 0.500000
0.000000 -0.535786 1.696656 -1.428763 1.785953 0.000000 0.500000
0.000000 -0.533779 1.690301 -1.423411 1.779264 0.000000 0.500000
0.000000 -0.531773 1.683946 -1.418060 1.772575 0.000000 0.500000
0.000000 -0.529766 1.677592 -1.412709 1.765886 0.000000 0.500000
0.000000 -0.527759 1.671237 -1.407358 1.759197 0.000000 0.500000
0.000000 -0.525753 1.664883 -1.402007 1.752508 0.000000 0.500000
0.000000 -0.523746 1.658528 -1.396656 1.745819 0.000000 0.500000
0.000000 -0.521739 1.652174 -1.391304 1.739130 0.000000 0.500000
0.000000 -0.519732 1.645819 -1.385953 1.732441 0.000000 0.500000
0.000000 -0.517726 1.639465 -1.380602 1.725753 0.000000 0.500000
0.000000 -0.515719 1.633110 -1.375251 1.719064 0.000000 0.500000
0.000000 -0.513712 1.626756 -1.369900 1.712375 0.000000 0.500000
0.000000 -0.511706 1.620401 -1.364548 1.705686 0.000000 0.500000
0.000000 -0.509699 1.614047 -1.359197 1.698997 0.000000 0.500000
0.000000 -0.507692 1.607692 -1.353846 1.692308 0.000000 0.500000
0.000000 -0.505686 1.601338 -1.348495 1.685619 0.000000 0.500000
0.000000 -0.503679 1.594983 -1.343144 1.678930 0.000000 0.500000
0.000000 -0.501672 1.588629 -1.337793 1.672241 0.000000 0.500000
0.000000 -0.499666 1.582274 -1.332441 1.665552 0.000000 0.500000
0.000000 -0.497659 1.575920 -1.327090 1.658863 0.000000 0.500000
0.000000 -0.495652 1.569565 -1.321739 1.652174 0.000000 0.500000
0.000000 -0.493645 1.563211 -1.316388 1.645485 0.000000 0.500000
0.000000 -0.491639 1.556856 -1.311037 1.638796 0.000000 0.500000
0.000000 -0.489632 1.550502 -1.305686 1.632107 0.000000 0.500000
0.000000 -0.487625 1.544147 -1.300334 1.625418 0.000000 0.500000
0.000000 -0.485619 1.537793 -1.294983 1.618729 0.000000 0.500000
0.000000 -0.483612 1.531438 -1.289632 1.612040 0.000000 0.500000
0.000000 -0.481605 1.525084 -1.284281 1.605351 0.000000 0.500000
0.000000 -0.479599 1.518729 -1.278930 1.598662 0.000000 0.500000
0.000000 -0.477592 1.512375 -1.273579 1.591973 0.000000 0.500000
0.000000 -0.475585 1.506020 -1.268227 1.585284 0.000000 0.500000
0.000000 -0.473579 1.499666 -1.262876 1.578595 0.000000 0.500000
0.000000 -0.471572 1.493311 -1.257525 1.571906 0.000000 0.500000
0.000000 -0.469565 1.486957 -1.252174 1.565217 0.000000 0.500000
0.000000 -0.467559 1.480602 -1.246823 1.558528 0.000000 0.500000
0.000000 -0.465552 1.474247 -1.241472 1.551839 0.000000 0.500000
0.000000 -0.463545 1.467893 -1.236120 1.545151 0.000000 0.500000
0.000000 -0.461538 1.461538 -1.230769 1.538462 0.000000 0.500000
0.000000 -0.459532 1.455184 -1.225418 1.531773 0.000000 0.500000
0.000000 -0.457525 1.448829 -1.220067 1.525084 0.000000 0.500000
0.000000 -0.455518 1.442475 -1.214716 1.518395 0.000000 0.500000
0.000000 -0.453512 1.436120 -1.209365 1.511706 0.000000 0.500000
0.000000 -0.451505 1.429766 -1.204013 1.505017 0.000000 0.500000
0.000000 -0.449498 1.423411 -1.198662 1.498328 0.000000 0.500000
0.000000 -0.447492 1.417057 -1.193311 1.491639 0.000000 0.500000
0.000000 -0.445485 1.410702 -1.187960 1.484950 0.000000 0.500000
0.000000 -0.443478 1.404348 -1.182609 1.478261 0.000000 0.500000
0.000000 -0.441472 1.397993 -1.177258 1.471572 0.000000 0.500000
0.000000 -0.439465 1.391639 -1.171906 1.464883 0.000000 0.500000
0.000000 -0.437458 1.385284 -1.166555 1.458194 0.000000 0.500000
0.000000 -0.435452 1.378930 -1.161204 1.451505 0.000000 0.500000
0.000000 -0.433445 1.372575 -1.155853 1.444816 0.000000 0.500000
0.000000 -0.431438 1.366221 -1.150502 1.438127 0.000000 0.500000
0.000000 -0.429431 1.359866 -1.145151 1.431438 0.000000 0.500000
0.000000 -0.427425 1.353512 -1.139799 1.424749 0.000000 0.500000
0.000000 -0.425418 1.347157 -1.134448 1.418060 0.000000 0.500000
0.000000 -0.423411 1.340803 -1.129097 1.411371 0.000000 0.500000
0.000000 -0.421405 1.334448 -1.123746 1.404682 0.000000 0.500000
0.000000 -0.419398 1.328094 -1.118395 1.397993 0.000000 0.500000
0.000000 -0.417391 1.321739 -1.113043 1.391304 0.000000 0.500000
0.000000 -0.415385 1.315385 -1.107692 1.384615 0.000000 0.500000
0.000000 -0.413378 1.309030 -1.102341 1.377926 0.000000 0.500000
0.000000 -0.411371 1.302676 -1.096990 1.371237 0.000000 0.500000
0.000000 -0.409365 1.296321 -1.091639 1.364548 0.000000 0.500000
0.000000 -0.407358 1.289967 -1.086288 1.357860 0.000000 0.500000
0.000000 -0.405351 1.283612 -1.080936 1.351171 0.000000 0.500000
0.000000 -0.403344 1.277258 -1.075585 1.344482 0.000000 0.500000
0.000000 -0.401338 1.270903 -1.070234 1.337793 0.000000 0.500000
0.000000 -0.399331 1.264548 -1.064883 1.331104 0.000000 0.500000
0.000000 -0.397324 1.258194 -1.059532 1.324415 0.000000 0.500000
0.000000 -0.395318 1.251839 -1.054181 1.317726 0.000000 0.500000
0.000000 -0.393311 1.245485 -1.048829 1.311037 0.000000 0.500000
0.000000 -0.391304 1.239130 -1.043478 1.304348 0.000000 0.500000
0.000000 -0.389298 1.232776 -1.038127 1.297659 0.000000 0.500000
0.000000 -0.387291 1.226421 -1.032776 1.290970 0.000000 0.500000
0.000000 -0.385284 1.220067 -1.027425 1.284281 0.000000 0.500000
0.000000 -0.383278 1.213712 -1.022074 1.277592 0.000000 0.500000
0.000000 -0.381271 1.207358 -1.016722 1.270903 0.000000 0.500000
0.000000 -0.379264 1.201003 -1.011371 1.264214 0.000000 0.500000
0.000000 -0.377258 1.194649 -1.006020 1.257525 0.000000 0.500000
0.000000 -0.375251 1.188294 -1.000669 1.250836 0.000000 0.500000
0.000000 -0.373244 1.181940 -0.995318 1.244147 0.000000 0.500000
0.000000 -0.371237 1.175585 -0.989967 1.237458 0.000000 0.500000
0.000000 -0.369231 1.169231 -0.984615 1.230769 0.000000 0.500000
0.000000 -0.367224 1.162876 -0.979264 1.224080 0.000000 0.500000
0.000000 -0.365217 1.156522 -0.973913 1.217391 0.000000 0.500000
0.000000 -0.363211 1.150167 -0.968562 1.210702 0.000000 0.500000
0.000000 -0.361204 1.143813 -0.963211 1.204013 0.000000 0.500000
0.000000 -0.359197 1.137458 -0.957860 1.197324 0.000000 0.500000
0.000000 -0.357191 1.131104 -0.952508 1.190635 0.000000 0.500000
0.000000 -0.355184 1.124749 -0.947157 1.183946 0.000000 0.500000
0.000000 -0.353177 1.118395 -0.941806 1.177258 0.000000 0.500000
0.000000 -0.351171 1.112040 -0.936455 1.170569 0.000000 0.500000
0.000000 -0.349164 1.105686 -0.931104 1.163880 0.000000 0.500000
0.000000 -0.347157 1.099331 -0.925753 1.157191 0.000000 0.500000
0.000000 -0.345151 1.092977 -0.920401 1.150502 0.000000 0.500000
0.000000 -0.343144 1.086622 -0.915050 1.143813 0.000000 0.500000
0.000000 -0.341137 1.080268 -0.909699 1.137124 0.000000 0.500000
0.000000 -0.339130 1.073913 -0.904348 1.130435 0.000000 0.500000
0.000000 -0.337124 1.067559 -0.898997 1.123746 0.000000 0.500000
0.000000 -0.335117 1.061204 -0.893645 1.117057 0.000000 0.500000
0.000000 -0.333110 1.054849 -0.888294 1.110368 0.000000 0.500000
0.000000 -0.331104 1.048495 -0.882943 1.103679 0.000000 0.500000
0.000000 -0.329097 1.042140 -0.877592 1.096990 0.000000 0.500000
0.000000 -0.327090 1.035786 -0.872241 1.090301 0.000000 0.500000
0.000000 -0.325084 1.029431 -0.866890 1.083612 0.000000 0.500000
0.000000 -0.323077 1.023077 -0.861538 1.076923 0.000000 0.500000
0.000000 -0.321070 1.016722 -0.856187 1.070234 0.000000 0.500000
0.000000 -0.319064 1.010368 -0.850836 1.063545 0.000000 0.500000
0.000000 -0.317057 1.004013 -0.845485 1.056856 0.000000 0.500000
0.000000 -0.315050 0.997659 -0.840134 1.050167 0.000000 0.500000
0.000000 -0.313043 0.991304 -0.834783 1.043478 0.000000 0.500000
0.000000 -0.311037 0.984950 -0.829431 1.036789 0.000000 0.500000
0.000000 -0.309030 0.978595 -0.824080 1.030100 0.000000 0.500000
0.000000 -0.307023 0.972241 -0.818729 1.023411 0.000000 0.500000
0.000000 -0.305017 0.965886 -0.813378 1.016722 0.000000 0.500000
0.000000 -0.303010 0.959532 -0.808027 1.010033 0.000000 0.500000
0.000000 -0.301003 0.953177 -0.802676 1.003344 0.000000 0.500000
0.000000 -0.298997 0.946823 -0.797324 0.996656 0.000000 0.500000
0.000000 -0.296990 0.940468 -0.791973 0.989967 0.000000 0.500000
0.000000 -0.294983 0.934114 -0.786622 0.983278 0.000000 0.500000
0.000000 -0.292977 0.927759 -0.781271 0.976589 0.000000 0.500000
0.000000 -0.290970 0.921405 -0.775920 0.969900 0.000000 0.500000
0.000000 -0.288963 0.915050 -0.770569 0.963211 0.000000 0.500000
0.000000 -0.286957 0.908696 -0.765217 0.956522 0.000000 0.500000
0.000000 -0.284950 0.902341 -0.759866 0.949833 0.000000 0.500000
0.000000 -0.282943 0.895987 -0.754515 0.943144 0.000000 0.500000
0.000000 -0.280936 0.889632 -0.749164 0.936455 0.000000 0.500000
0.000000 -0.278930 0.883278 -0.743813 0.929766 0.000000 0.500000
0.000000 -0.276923 0.876923 -0.738462 0.923077 0.000000 0.500000
0.000000 -0.274916 0.870569 -0.733110 0.916388 0.000000 0.500000
0.000000 -0.272910 0.864214 -0.727759 0.909699 0.000000 0.500000
0.000000 -0.270903 0.857860 -0.722408 0.903010 0.000000 0.500000
0.000000 -0.268896 0.851505 -0.717057 0.896321 0.000000 0.500000
0.000000 -0.266890 0.845151 -0.711706 0.889632 0.000000 0.500000
0.000000 -0.264883 0.838796 -0.706355 0.882943 0.000000 0.500000
0.000000 -0.262876 0.832441 -0.701003 0.876254 0.000000 0.500000
0.000000 -0.260870 0.826087 -0.695652 0.869565 0.000000 0.500000
0.000000 -0.258863 0.819732 -0.690301 0.862876 0.000000 0.500000
0.000000 -0.256856 0.813378 -0.684950 0.856187 0.000000 0.500000
0.000000 -0.254849 0.807023 -0.679599 0.849498 0.000000 0.500000
0.000000 -0.252843 0.800669 -0.674247 0.842809 0.000000 0.500000
0.000000 -0.250836 0.794314 -0.668896 0.836120 0.000000 0.500000
0.000000 -0.248829 0.787960 -0.663545 0.829431 0.000000 0.500000
0.000000 -0.246823 0.781605 -0.658194 0.822742 0.000000 0.500000
0.000000 -0.244816 0.775251 -0.652843 0.816054 0.000000 0.500000
0.000000 -0.242809 0.768896 -0.647492 0.809365 0.000000 0.500000
0.000000 -0.240803 0.762542 -0.642140 0.802676 0.000000 0.500000
0.000000 -0.238796 0.756187 -0.636789 0.795987 0.000000 0.500000
0.000000 -0.236789 0.749833 -0.631438 0.789298 0.000000 0.500000
0.000000 -0.234783 0.743478 -0.626087 0.782609 0.000000 0.500000
0.000000 -0.232776 0.737124 -0.620736 0.775920 0.000000 0.500000
0.000000 -0.230769 0.730769 -0.615385 0.769231 0.000000 0.500000
0.000000 -0.228763 0.724415 -0.610033 0.762542 0.000000 0.500000
0.000000 -0.226756 0.718060 -0.604682 0.755853 0.000000 0.500000
0.000000 -0.224749 0.711706 -0.599331 0.749164 0.000000 0.500000
0.000000 -0.222742 0.705351 -0.593980 0.742475 0.000000 0.500000
0.000000 -0.220736 0.698997 -0.588629 0.735786 0.000000 0.500000
0.000000 -0.218729 0.692642 -0.583278 0.729097 0.000000 0.500000
0.000000 -0.216722 0.686288 -0.577926 0.722408 0.000000 0.500000
0.000000 -0.214716 0.679933 -0.572575 0.715719 0.000000 0.500000
0.000000 -0.212709 0.673579 -0.567224 0.709030 0.000000 0.500000
0.000000 -0.210702 0.667224 -0.561873 0.702341 0.000000 0.500000
0.000000 -0.208696 0.660870 -0.556522 0.695652 0.000000 0.500000
0.000000 -0.206689 0.654515 -0.551171 0.688963 0.000000 0.500000
0.000000 -0.204682 0.648161 -0.545819 0.682274 0.000000 0.500000
0.000000 -0.202676 0.641806 -0.540468 0.675585 0.000000 0.500000
0.000000 -0.200669 0.635452 -0.535117 0.668896 0.000000 0.500000
0.000000 -0.198662 0.629097 -0.529766 0.662207 0.000000 0.500000
0.000000 -0.196656 0.622742 -0.524415 0.655518 0.000000 0.500000
0.000000 -0.194649 0.616388 -0.519064 0.648829 0.000000 0.500000
0.000000 -0.192642 0.610033 -0.513712 0.642140 0.000000 0.500000
0.000000 -0.190635 0.603679 -0.508361 0.635452 0.000000 0.500000
0.000000 -0.188629 0.597324 -0.503010 0.628763 0.000000 0.500000
0.000000 -0.186622 0.590970 -0.497659 0.622074 0.000000 0.500000
0.000000 -0.184615 0.584615 -0.492308 0.615385 0.000000 0.500000
0.000000 -0.182609 0.578261 -0.486957 0.608696 0.000000 0.500000
0.000000 -0.180602 0.571906 -0.481605 0.602007 0.000000 0.500000
0.000000 -0.178595 0.565552 -0.476254 0.595318 0.000000 0.500000
0.000000 -0.176589 0.559197 -0.470903 0.588629 0.000000 0.500000
0.000000 -0.174582 0.552843 -0.465552 0.581940 0.000000 0.500000
0.000000 -0.172575 0.546488 -0.460201 0.575251 0.000000 0.500000
0.000000 -0.170569 0.540134 -0.454849 0.568562 0.000000 0.500000
0.000000 -0.168562 0.533779 -0.449498 0.561873 0.000000 0.500000
0.000000 -0.166555 0.527425 -0.444147 0.555184 0.000000 0.500000
0.000000 -0.164548 0.521070 -0.438796 0.548495 0.000000 0.500000
0.000000 -0.162542 0.514716 -0.433445 0.541806 0.000000 0.500000
0.000000 -0.160535 0.508361 -0.428094 0.535117 0.000000 0.500000
0.000000 -0.158528 0.502007 -0.422742 0.528428 0.000000 0.500000
0.000000 -0.156522 0.495652 -0.417391 0.521739 0.000000 0.500000
0.000000 -0.154515 0.489298 -0.412040 0.515050 0.000000 0.500000
0.000000 -0.152508 0.482943 -0.406689 0.508361 0.000000 0.500000
0.000000 -0.150502 0.476589 -0.401338 0.501672 0.000000 0.500000
0.000000 -0.148495 0.470234 -0.395987 0.494983 0.000000 0.500000
0.000000 -0.146488 0.463880 -0.390635 0.488294 0.000000 0.500000
0.000000 -0.144482 0.457525 -0.385284 0.481605 0.000000 0.500000
0.000000 -0.142475 0.451171 -0.379933 0.474916 0.000000 0.500000
0.000000 -0.140468 0.444816 -0.374582 0.468227 0.000000 0.500000
0.000000 -0.138462 0.438462 -0.369231 0.461538 0.000000 0.500000
0.000000 -0.136455 0.432107 -0.363880 0.454849 0.000000 0.500000
0.000000 -0.134448 0.425753 -0.358528 0.448161 0.000000 0.500000
0.000000 -0.132441 0.419398 -0.353177 0.441472 0.000000 0.500000
0.000000 -0.130435 0.413043 -0.347826 0.434783 0.000000 0.500000
0.000000 -0.128428 0.406689 -0.342475 0.428094 0.000000 0.500000
0.000000 -0.126421 0.400334 -0.337124 0.421405 0.000000 0.500000
0.000000 -0.124415 0.393980 -0.331773 0.414716 0.000000 0.500000
0.000000 -0.122408 0.387625 -0.326421 0.408027 0.000000 0.500000
0.000000 -0.120401 0.381271 -0.321070 0.401338 0.000000 0.500000
0.000000 -0.118395 0.374916 -0.315719 0.394649 0.000000 0.500000
0.000000 -0.116388 0.368562 -0.310368 0.387960 0.000000 0.500000
0.000000 -0.114381 0.362207 -0.305017 0.381271 0.000000 0.500000
0.000000 -0.112375 0.355853 -0.299666 0.374582 0.000000 0.500000
0.000000 -0.110368 0.349498 -0.294314 0.367893 0.000000 0.500000
0.000000 -0.108361 0.343144 -0.288963 0.361204 0.000000 0.500000
0.000000 -0.106355 0.336789 -0.283612 0.354515 0.000000 0.500000
0.000000 -0.104348 0.330435 -0.278261 0.347826 0.000000 0.500000
0.000000 -0.102341 0.324080 -0.272910 0.341137 0.000000 0.500000
0.000000 -0.100334 0.317726 -0.267559 0.334448 0.000000 0.500000
0.000000 -0.098328 0.311371 -0.262207 0.327759 0.000000 0.500000
0.000000 -0.096321 0.305017 -0.256856 0.321070 0.000000 0.500000
0.000000 -0.094314 0.298662 -0.251505 0.314381 0.000000 0.500000
0.000000 -0.092308 0.292308 -0.246154 0.307692 0.000000 0.500000
0.000000 -0.090301 0.285953 -0.240803 0.301003 0.000000 0.500000
0.000000 -0.088294 0.279599 -0.235452 0.294314 0.000000 0.500000
0.000000 -0.086288 0.273244 -0.230100 0.287625 0.000000 0.500000
0.000000 -0.084281 0.266890 -0.224749 0.280936 0.000000 0.500000
0.000000 -0.082274 0.260535 -0.219398 0.274247 0.000000 0.500000
0.000000 -0.080268 0.254181 -0.214047 0.267559 0.000000 0.500000
0.000000 -0.078261 0.247826 -0.208696 0.260870 0.000000 0.500000
0.000000 -0.076254 0.241472 -0.203344 0.254181 0.000000 0.500000
0.000000 -0.074247 0.235117 -0.197993 0.247492 0.000000 0.500000
0.000000 -0.072241 0.228763 -0.192642 0.240803 0.000000 0.500000
0.000000 -0.070234 0.222408 -0.187291 0.234114 0.000000 0.500000
0.000000 -0.068227 0.216054 -0.181940 0.227425 0.000000 0.500000
0.000000 -0.066221 0.209699 -0.176589 0.220736 0.000000 0.500000
0.000000 -0.064214 0.203344 -0.171237 0.214047 0.000000 0.500000
0.000000 -0.062207 0.196990 -0.165886 0.207358 0.000000 0.500000
0.000000 -0.060201 0.190635 -0.160535 0.200669 0.000000 0.500000
0.000000 -0.058194 0.184281 -0.155184 0.193980 0.000000 0.500000
0.000000 -0.056187 0.177926 -0.149833 0.187291 0.000000 0.500000
0.000000 -0.054181 0.171572 -0.144482 0.180602 0.000000 0.500000
0.000000 -0.052174 0.165217 -0.139130 0.173913 0.000000 0.500000
0.000000 -0.050167 0.158863 -0.133779 0.167224 0.000000 0.500000
0.000000 -0.048161 0.152508 -0.128428 0.160535 0.000000 0.500000
0.000000 -0.046154 0.146154 -0.123077 0.153846 0.000000 0.500000
0.000000 -0.044147 0.139799 -0.117726 0.147157 0.000000 0.500000
0.000000 -0.042140 0.133445 -0.112375 0.140468 0.000000 0.500000
0.000000 -0.040134 0.127090 -0.107023 0.133779 0.000000 0.500000
0.000000 -0.038127 0.120736 -0.101672 0.127090 0.000000 0.500000
0.000000 -0.036120 0.114381 -0.096321 0.120401 0.000000 0.500000
0.000000 -0.034114 0.108027 -0.090970 0.113712 0.000000 0.500000
0.000000 -0.032107 0.101672 -0.085619 0.107023 0.000000 0.500000
0.000000 -0.030100 0.095318 -0.080268 0.100334 0.000000 0.500000
0.000000 -0.028094 0.088963 -0.074916 0.093645 0.000000 0.500000
0.000000 -0.026087 0.082609 -0.069565 0.086957 0.000000 0.500000
0.000000 -0.024080 0.076254 -0.064214 0.080268 0.000000 0.500000
0.000000 -0.022074 0.069900 -0.058863 0.073579 0.000000 0.500000
0.000000 -0.020067 0.063545 -0.053512 0.066890 0.000000 0.500000
0.000000 -0.018060 0.057191 -0.048161 0.060201 0.000000 0.500000
0.000000 -0.016054 0.050836 -0.042809 0.053512 0.000000 0.500000
0.000000 -0.014047 0.044482 -0.037458 0.046823 0.000000 0.500000
0.000000 -0.012040 0.038127 -0.032107 0.040134 0.000000 0.500000
0.000000 -0.010033 0.031773 -0.026756 0.033445 0.000000 0.500000
0.000000 -0.008027 0.025418 -0.021405 0.026756 0.000000 0.500000
0.000000 -0.006020 0.019064 -0.016054 0.020067 0.000000 0.500000
0.000000 -0.004013 0.012709 -0.010702 0.013378 0.000000 0.500000
0.000000 -0.002007 0.006355 -0.005351 0.006689 0.000000 0.500000
0.000000 0.000000 -0.000000 0.000000 -0.000000 0.000000 0.500000
