-0.000000 -0.600000 1.900000 -1.600000 2.000000 0.000000 0.500000
-0.006500 -0.593750 1.897483 -1.592800 1.985784 0.014866 0.504083
-0.012945 -0.587553 1.894988 -1.585661 1.971687 0.029608 0.508132
-0.019336 -0.581408 1.892514 -1.578582 1.957709 0.044224 0.512147
-0.025672 -0.575316 1.890060 -1.571564 1.943851 0.058716 0.516127
-0.031953 -0.569276 1.887628 -1.564606 1.930113 0.073083 0.520073
-0.038180 -0.563288 1.885217 -1.557708 1.916493 0.087325 0.523985
-0.044352 -0.557354 1.882828 -1.550871 1.902994 0.101441 0.527862
-0.050470 -0.551471 1.880459 -1.544095 1.889614 0.115433 0.531705
-0.056533 -0.545642 1.878112 -1.537379 1.876353 0.129300 0.535514
-0.062541 -0.539864 1.875785 -1.530724 1.863212 0.143042 0.539289
-0.068495 -0.534140 1.873480 -1.524129 1.850190 0.156659 0.543029
-0.074394 -0.528468 1.871196 -1.517595 1.837288 0.170152 0.546734
-0.080238 -0.522848 1.868933 -1.511121 1.824505 0.183519 0.550406
-0.086028 -0.517281 1.866692 -1.504708 1.811842 0.196761 0.554043
-0.091763 -0.511766 1.864471 -1.498355 1.799298 0.209879 0.557646
-0.097444 -0.506304 1.862272 -1.492062 1.786873 0.222871 0.561215
-0.103070 -0.500895 1.860094 -1.485831 1.774568 0.235739 0.564749
-0.108641 -0.495538 1.857936 -1.479659 1.762383 0.248481 0.568249
-0.114158 -0.490233 1.855800 -1.473548 1.750317 0.261099 0.571714
-0.119620 -0.484981 1.853686 -1.467498 1.738370 0.273592 0.575146
-0.125027 -0.479782 1.851592 -1.461508 1.726543 0.285960 0.578543
-0.130380 -0.474635 1.849520 -1.455579 1.714835 0.298203 0.581905
-0.135678 -0.469540 1.847468 -1.449710 1.703247 0.310321 0.585234
-0.140922 -0.464498 1.845438 -1.443902 1.691779 0.322314 0.588528
-0.146111 -0.459509 1.843429 -1.438154 1.680429 0.334182 0.591788
-0.151245 -0.454572 1.841441 -1.432467 1.669199 0.345925 0.595013
-0.156325 -0.449688 1.839474 -1.426840 1.658089 0.357543 0.598204
-0.161350 -0.444856 1.837529 -1.421274 1.647098 0.369037 0.601361
-0.166321 -0.440076 1.835604 -1.415768 1.636227 0.380405 0.604483
-0.171236 -0.435350 1.833701 -1.410323 1.625475 0.391649 0.607572
-0.176098 -0.430675 1.831819 -1.404938 1.614843 0.402767 0.610626
-0.180904 -0.426053 1.829958 -1.399614 1.604330 0.413761 0.613645
-0.185656 -0.421484 1.828118 -1.394350 1.593936 0.424630 0.616630
-0.190354 -0.416967 1.826299 -1.389147 1.583662 0.435373 0.619581
-0.194997 -0.412503 1.824501 -1.384004 1.573507 0.445992 0.622498
-0.199585 -0.408092 1.822725 -1.378922 1.563472 0.456486 0.625380
-0.204118 -0.403732 1.820970 -1.373900 1.553557 0.466855 0.628228
-0.208597 -0.399426 1.819235 -1.368938 1.543761 0.477099 0.631042
-0.213021 -0.395172 1.817522 -1.364038 1.534084 0.487218 0.633821
-0.217391 -0.390970 1.815831 -1.359197 1.524527 0.497213 0.636566
-0.221706 -0.386821 1.814160 -1.354418 1.515089 0.507082 0.639277
-0.225967 -0.382724 1.812510 -1.349698 1.505770 0.516826 0.641953
-0.230172 -0.378680 1.810882 -1.345040 1.496572 0.526446 0.644596
-0.234324 -0.374689 1.809275 -1.340442 1.487492 0.535940 0.647203
-0.238420 -0.370750 1.807689 -1.335904 1.478532 0.545310 0.649777
-0.242462 -0.366863 1.806124 -1.331427 1.469692 0.554554 0.652316
-0.246449 -0.363029 1.804580 -1.327010 1.460971 0.563674 0.654821
-0.250382 -0.359248 1.803057 -1.322654 1.452369 0.572669 0.657291
-0.254260 -0.355519 1.801556 -1.318358 1.443887 0.581539 0.659728
-0.258084 -0.351843 1.800075 -1.314123 1.435525 0.590284 0.662130
-0.261853 -0.348219 1.798616 -1.309948 1.427281 0.598904 0.664497
-0.265567 -0.344647 1.797178 -1.305834 1.419158 0.607399 0.666830
-0.269226 -0.341128 1.795761 -1.301780 1.411154 0.615769 0.669129
-0.272831 -0.337662 1.794365 -1.297787 1.403269 0.624014 0.671394
-0.276382 -0.334248 1.792991 -1.293854 1.395504 0.632135 0.673624
-0.279877 -0.330887 1.791637 -1.289982 1.387858 0.640130 0.675820
-0.283319 -0.327578 1.790305 -1.286170 1.380331 0.648000 0.677982
-0.286705 -0.324322 1.788994 -1.282419 1.372925 0.655746 0.680110
-0.290037 -0.321118 1.787704 -1.278728 1.365637 0.663367 0.682203
-0.293314 -0.317967 1.786435 -1.275098 1.358469 0.670862 0.684261
-0.296537 -0.314868 1.785187 -1.271528 1.351421 0.678233 0.686286
-0.299705 -0.311822 1.783960 -1.268019 1.344492 0.685479 0.688276
-0.302818 -0.308829 1.782755 -1.264571 1.337682 0.692600 0.690232
-0.305877 -0.305888 1.781571 -1.261182 1.330992 0.699596 0.692153
-0.308881 -0.302999 1.780408 -1.257855 1.324421 0.706467 0.694041
-0.311831 -0.300163 1.779266 -1.254588 1.317970 0.713213 0.695894
-0.314726 -0.297379 1.778145 -1.251381 1.311639 0.719834 0.697712
-0.317566 -0.294648 1.777045 -1.248235 1.305426 0.726330 0.699497
-0.320352 -0.291970 1.775966 -1.245149 1.299334 0.732701 0.701246
-0.323083 -0.289344 1.774909 -1.242124 1.293360 0.738948 0.702962
-0.325759 -0.286770 1.773873 -1.239159 1.287507 0.745069 0.704643
-0.328381 -0.284249 1.772858 -1.236255 1.281772 0.751066 0.706291
-0.330948 -0.281781 1.771864 -1.233411 1.276157 0.756937 0.707903
-0.333461 -0.279365 1.770891 -1.230628 1.270662 0.762684 0.709482
-0.335918 -0.277001 1.769939 -1.227906 1.265286 0.768306 0.711026
-0.338322 -0.274691 1.769009 -1.225244 1.260029 0.773803 0.712535
-0.340671 -0.272432 1.768099 -1.222642 1.254892 0.779175 0.714011
-0.342965 -0.270226 1.767211 -1.220101 1.249875 0.784422 0.715452
-0.345204 -0.268073 1.766344 -1.217620 1.244977 0.789544 0.716859
-0.347389 -0.265972 1.765498 -1.215200 1.240198 0.794541 0.718231
-0.349519 -0.263924 1.764673 -1.212840 1.235539 0.799413 0.719570
-0.351595 -0.261928 1.763870 -1.210541 1.230999 0.804160 0.720874
-0.353616 -0.259985 1.763087 -1.208303 1.226579 0.808782 0.722143
-0.355582 -0.258094 1.762326 -1.206125 1.222278 0.813280 0.723378
-0.357494 -0.256256 1.761586 -1.204007 1.218097 0.817652 0.724579
-0.359351 -0.254470 1.760867 -1.201950 1.214035 0.821900 0.725746
-0.361153 -0.252737 1.760169 -1.199953 1.210093 0.826023 0.726878
-0.362901 -0.251057 1.759492 -1.198017 1.206270 0.830020 0.727976
-0.364594 -0.249428 1.758837 -1.196142 1.202566 0.833893 0.729040
-0.366233 -0.247853 1.758202 -1.194326 1.198983 0.837641 0.730070
-0.367817 -0.246330 1.757589 -1.192572 1.195518 0.841264 0.731065
-0.369346 -0.244859 1.756997 -1.190878 1.192173 0.844762 0.732025
-0.370821 -0.243441 1.756426 -1.189244 1.188947 0.848135 0.732952
-0.372241 -0.242076 1.755876 -1.187671 1.185841 0.851383 0.733844
-0.373607 -0.240763 1.755347 -1.186159 1.182855 0.854506 0.734702
-0.374918 -0.239502 1.754840 -1.184706 1.179987 0.857504 0.735525
-0.376174 -0.238294 1.754353 -1.183315 1.177240 0.860378 0.736314
-0.377376 -0.237139 1.753888 -1.181984 1.174612 0.863126 0.737069
-0.378523 -0.236036 1.753444 -1.180713 1.172103 0.865750 0.737790
-0.379615 -0.234985 1.753021 -1.179503 1.169713 0.868248 0.738476
-0.380653 -0.233988 1.752619 -1.178354 1.167444 0.870622 0.739128
-0.381636 -0.233042 1.752238 -1.177265 1.165293 0.872870 0.739746
-0.382565 -0.232149 1.751879 -1.176236 1.163262 0.874994 0.740329
-0.383439 -0.231309 1.751540 -1.175268 1.161351 0.876993 0.740878
-0.384258 -0.230521 1.751223 -1.174360 1.159559 0.878867 0.741393
-0.385023 -0.229786 1.750927 -1.173513 1.157886 0.880616 0.741873
-0.385733 -0.229103 1.750652 -1.172727 1.156333 0.882240 0.742319
-0.386388 -0.228473 1.750398 -1.172001 1.154900 0.883739 0.742731
-0.386989 -0.227895 1.750166 -1.171335 1.153586 0.885113 0.743108
-0.387535 -0.227370 1.749954 -1.170730 1.152391 0.886363 0.743452
-0.388027 -0.226897 1.749764 -1.170186 1.151316 0.887487 0.743760
-0.388464 -0.226477 1.749595 -1.169702 1.150360 0.888486 0.744035
-0.388846 -0.226109 1.749447 -1.169278 1.149524 0.889361 0.744275
-0.389174 -0.225794 1.749320 -1.168915 1.148807 0.890110 0.744481
-0.389447 -0.225532 1.749214 -1.168613 1.148210 0.890735 0.744653
-0.389665 -0.225322 1.749130 -1.168371 1.147732 0.891235 0.744790
-0.389829 -0.225164 1.749066 -1.168189 1.147373 0.891610 0.744893
-0.389939 -0.225059 1.749024 -1.168068 1.147134 0.891859 0.744961
-0.389993 -0.225007 1.749003 -1.168008 1.147015 0.891984 0.744996
-0.389993 -0.225007 1.749003 -1.168008 1.147015 0.891984 0.744996
-0.389939 -0.225059 1.749024 -1.168068 1.147134 0.891859 0.744961
-0.389829 -0.225164 1.749066 -1.168189 1.147373 0.891610 0.744893
-0.389665 -0.225322 1.749130 -1.168371 1.147732 0.891235 0.744790
-0.389447 -0.225532 1.749214 -1.168613 1.148210 0.890735 0.744653
-0.389174 -0.225794 1.749320 -1.168915 1.148807 0.890110 0.744481
-0.388846 -0.226109 1.749447 -1.169278 1.149524 0.889361 0.744275
-0.388464 -0.226477 1.749595 -1.169702 1.150360 0.888486 0.744035
-0.388027 -0.226897 1.749764 -1.170186 1.151316 0.887487 0.743760
-0.387535 -0.227370 1.749954 -1.170730 1.152391 0.886363 0.743452
-0.386989 -0.227895 1.750166 -1.171335 1.153586 0.885113 0.743108
-0.386388 -0.228473 1.750398 -1.172001 1.154900 0.883739 0.742731
-0.385733 -0.229103 1.750652 -1.172727 1.156333 0.882240 0.742319
-0.385023 -0.229786 1.750927 -1.173513 1.157886 0.880616 0.741873
-0.384258 -0.230521 1.751223 -1.174360 1.159559 0.878867 0.741393
-0.383439 -0.231309 1.751540 -1.175268 1.161351 0.876993 0.740878
-0.382565 -0.232149 1.751879 -1.176236 1.163262 0.874994 0.740329
-0.381636 -0.233042 1.752238 -1.177265 1.165293 0.872870 0.739746
-0.380653 -0.233988 1.752619 -1.178354 1.167444 0.870622 0.739128
-0.379615 -0.234985 1.753021 -1.179503 1.169713 0.868248 0.738476
-0.378523 -0.236036 1.753444 -1.180713 1.172103 0.865750 0.737790
-0.377376 -0.237139 1.753888 -1.181984 1.174612 0.863126 0.737069
-0.376174 -0.238294 1.754353 -1.183315 1.177240 0.860378 0.736314
-0.374918 -0.239502 1.754840 -1.184706 1.179987 0.857504 0.735525
-0.373607 -0.240763 1.755347 -1.186159 1.182855 0.854506 0.734702
-0.372241 -0.242076 1.755876 -1.187671 1.185841 0.851383 0.733844
-0.370821 -0.243441 1.756426 -1.189244 1.188947 0.848135 0.732952
-0.369346 -0.244859 1.756997 -1.190878 1.192173 0.844762 0.732025
-0.367817 -0.246330 1.757589 -1.192572 1.195518 0.841264 0.731065
-0.366233 -0.247853 1.758202 -1.194326 1.198983 0.837641 0.730070
-0.364594 -0.249428 1.758837 -1.196142 1.202566 0.833893 0.729040
-0.362901 -0.251057 1.759492 -1.198017 1.206270 0.830020 0.727976
-0.361153 -0.252737 1.760169 -1.199953 1.210093 0.826023 0.726878
-0.359351 -0.254470 1.760867 -1.201950 1.214035 0.821900 0.725746
-0.357494 -0.256256 1.761586 -1.204007 1.218097 0.817652 0.724579
-0.355582 -0.258094 1.762326 -1.206125 1.222278 0.813280 0.723378
-0.353616 -0.259985 1.763087 -1.208303 1.226579 0.808782 0.722143
-0.351595 -0.261928 1.763870 -1.210541 1.230999 0.804160 0.720874
-0.349519 -0.263924 1.764673 -1.212840 1.235539 0.799413 0.719570
-0.347389 -0.265972 1.765498 -1.215200 1.240198 0.794541 0.718231
-0.345204 -0.268073 1.766344 -1.217620 1.244977 0.789544 0.716859
-0.342965 -0.270226 1.767211 -1.220101 1.249875 0.784422 0.715452
-0.340671 -0.272432 1.768099 -1.222642 1.254892 0.779175 0.714011
-0.338322 -0.274691 1.769009 -1.225244 1.260029 0.773803 0.712535
-0.335918 -0.277001 1.769939 -1.227906 1.265286 0.768306 0.711026
-0.333461 -0.279365 1.770891 -1.230628 1.270662 0.762684 0.709482
-0.330948 -0.281781 1.771864 -1.233411 1.276157 0.756937 0.707903
-0.328381 -0.284249 1.772858 -1.236255 1.281772 0.751066 0.706291
-0.325759 -0.286770 1.773873 -1.239159 1.287507 0.745069 0.704643
-0.323083 -0.289344 1.774909 -1.242124 1.293360 0.738948 0.702962
-0.320352 -0.291970 1.775966 -1.245149 1.299334 0.732701 0.701246
-0.317566 -0.294648 1.777045 -1.248235 1.305426 0.726330 0.699497
-0.314726 -0.297379 1.778145 -1.251381 1.311639 0.719834 0.697712
-0.311831 -0.300163 1.779266 -1.254588 1.317970 0.713213 0.695894
-0.308881 -0.302999 1.780408 -1.257855 1.324421 0.706467 0.694041
-0.305877 -0.305888 1.781571 -1.261182 1.330992 0.699596 0.692153
-0.302818 -0.308829 1.782755 -1.264571 1.337682 0.692600 0.690232
-0.299705 -0.311822 1.783960 -1.268019 1.344492 0.685479 0.688276
-0.296537 -0.314868 1.785187 -1.271528 1.351421 0.678233 0.686286
-0.293314 -0.317967 1.786435 -1.275098 1.358469 0.670862 0.684261
-0.290037 -0.321118 1.787704 -1.278728 1.365637 0.663367 0.682203
-0.286705 -0.324322 1.788994 -1.282419 1.372925 0.655746 0.680110
-0.283319 -0.327578 1.790305 -1.286170 1.380331 0.648000 0.677982
-0.279877 -0.330887 1.791637 -1.289982 1.387858 0.640130 0.675820
-0.276382 -0.334248 1.792991 -1.293854 1.395504 0.632135 0.673624
-0.272831 -0.337662 1.794365 -1.297787 1.403269 0.624014 0.671394
-0.269226 -0.341128 1.795761 -1.301780 1.411154 0.615769 0.669129
-0.265567 -0.344647 1.797178 -1.305834 1.419158 0.607399 0.666830
-0.261853 -0.348219 1.798616 -1.309948 1.427281 0.598904 0.664497
-0.258084 -0.351843 1.800075 -1.314123 1.435525 0.590284 0.662130
-0.254260 -0.355519 1.801556 -1.318358 1.443887 0.581539 0.659728
-0.250382 -0.359248 1.803057 -1.322654 1.452369 0.572669 0.657291
-0.246449 -0.363029 1.804580 -1.327010 1.460971 0.563674 0.654821
-0.242462 -0.366863 1.806124 -1.331427 1.469692 0.554554 0.652316
-0.238420 -0.370750 1.807689 -1.335904 1.478532 0.545310 0.649777
-0.234324 -0.374689 1.809275 -1.340442 1.487492 0.535940 0.647203
-0.230172 -0.378680 1.810882 -1.345040 1.496572 0.526446 0.644596
-0.225967 -0.382724 1.812510 -1.349698 1.505770 0.516826 0.641953
-0.221706 -0.386821 1.814160 -1.354418 1.515089 0.507082 0.639277
-0.217391 -0.390970 1.815831 -1.359197 1.524527 0.497213 0.636566
-0.213021 -0.395172 1.817522 -1.364038 1.534084 0.487218 0.633821
-0.208597 -0.399426 1.819235 -1.368938 1.543761 0.477099 0.631042
-0.204118 -0.403732 1.820970 -1.373900 1.553557 0.466855 0.628228
-0.199585 -0.408092 1.822725 -1.378922 1.563472 0.456486 0.625380
-0.194997 -0.412503 1.824501 -1.384004 1.573507 0.445992 0.622498
-0.190354 -0.416967 1.826299 -1.389147 1.583662 0.435373 0.619581
-0.185656 -0.421484 1.828118 -1.394350 1.593936 0.424630 0.616630
-0.180904 -0.426053 1.829958 -1.399614 1.604330 0.413761 0.613645
-0.176098 -0.430675 1.831819 -1.404938 1.614843 0.402767 0.610626
-0.171236 -0.435350 1.833701 -1.410323 1.625475 0.391649 0.607572
-0.166321 -0.440076 1.835604 -1.415768 1.636227 0.380405 0.604483
-0.161350 -0.444856 1.837529 -1.421274 1.647098 0.369037 0.601361
-0.156325 -0.449688 1.839474 -1.426840 1.658089 0.357543 0.598204
-0.151245 -0.454572 1.841441 -1.432467 1.669199 0.345925 0.595013
-0.146111 -0.459509 1.843429 -1.438154 1.680429 0.334182 0.591788
-0.140922 -0.464498 1.845438 -1.443902 1.691779 0.322314 0.588528
-0.135678 -0.469540 1.847468 -1.449710 1.703247 0.310321 0.585234
-0.130380 -0.474635 1.849520 -1.455579 1.714835 0.298203 0.581905
-0.125027 -0.479782 1.851592 -1.461508 1.726543 0.285960 0.578543
-0.119620 -0.484981 1.853686 -1.467498 1.738370 0.273592 0.575146
-0.114158 -0.490233 1.855800 -1.473548 1.750317 0.261099 0.571714
-0.108641 -0.495538 1.857936 -1.479659 1.762383 0.248481 0.568249
-0.103070 -0.500895 1.860094 -1.485831 1.774568 0.235739 0.564749
-0.097444 -0.506304 1.862272 -1.492062 1.786873 0.222871 0.561215
-0.091763 -0.511766 1.864471 -1.498355 1.799298 0.209879 0.557646
-0.086028 -0.517281 1.866692 -1.504708 1.811842 0.196761 0.554043
-0.080238 -0.522848 1.868933 -1.511121 1.824505 0.183519 0.550406
-0.074394 -0.528468 1.871196 -1.517595 1.837288 0.170152 0.546734
-0.068495 -0.534140 1.873480 -1.524129 1.850190 0.156659 0.543029
-0.062541 -0.539864 1.875785 -1.530724 1.863212 0.143042 0.539289
-0.056533 -0.545642 1.878112 -1.537379 1.876353 0.129300 0.535514
-0.050470 -0.551471 1.880459 -1.544095 1.889614 0.115433 0.531705
-0.044352 -0.557354 1.882828 -1.550871 1.902994 0.101441 0.527862
-0.038180 -0.563288 1.885217 -1.557708 1.916493 0.087325 0.523985
-0.031953 -0.569276 1.887628 -1.564606 1.930113 0.073083 0.520073
-0.025672 -0.575316 1.890060 -1.571564 1.943851 0.058716 0.516127
-0.019336 -0.581408 1.892514 -1.578582 1.957709 0.044224 0.512147
-0.012945 -0.587553 1.894988 -1.585661 1.971687 0.029608 0.508132
-0.006500 -0.593750 1.897483 -1.592800 1.985784 0.014866 0.504083
0.000000 -0.600000 1.900000 -1.600000 2.000000 -0.000000 0.500000
