0.000000 -0.600000 1.900000 -1.600000 2.000000 0.000000 0.500000
0.159000 -0.500000 1.804000 -1.696000 1.881000 0.000000 0.500000
0.872000 -0.225000 1.091000 -1.749000 1.095000 0.100000 0.500000
1.256000 -0.006000 0.652000 -1.749000 0.676000 0.100000 0.500000
1.585000 0.268000 0.268000 -1.643000 -0.006000 0.100000 0.500000
1.475000 0.652000 0.104000 -1.537000 -0.268000 0.100000 0.500000
1.475000 0.378000 -0.280000 -1.537000 -0.058000 0.100000 0.500000
1.475000 0.049000 -0.225000 -1.537000 -0.110000 0.100000 0.500000
1.475000 -0.280000 0.213000 -1.537000 -0.320000 0.100000 0.500000
1.475000 -0.445000 -0.061000 -1.537000 0.099000 -0.006000 0.500000
1.09000 -0.600000 0.500000 -1.537000 0.500000 -0.111000 0.500000
0.549000 -0.600000 1.000000 -1.537000 1.000000 -0.111000 0.500000
0.049000 -0.600000 1.640000 -1.537000 1.881000 -0.111000 0.500000
0.000000 -0.600000 1.900000 -1.600000 2.000000 0.000000 0.500000
