-0.000000 -0.600000 1.900000 -1.600000 2.000000 0.000000 0.500000
-0.015079 -0.600794 1.890476 -1.588889 1.980953 0.000000 0.503651
-0.030057 -0.601582 1.881017 -1.577853 1.962033 0.000000 0.507277
-0.044934 -0.602365 1.871621 -1.566891 1.943241 0.000000 0.510879
-0.059710 -0.603143 1.862289 -1.556003 1.924577 0.000000 0.514456
-0.074384 -0.603915 1.853021 -1.545191 1.906041 0.000000 0.518009
-0.088957 -0.604682 1.843817 -1.534453 1.887633 0.000000 0.521537
-0.103429 -0.605444 1.834676 -1.523789 1.869353 0.000000 0.525041
-0.117800 -0.606200 1.825600 -1.513200 1.851200 0.000000 0.528520
-0.132069 -0.606951 1.816588 -1.502686 1.833175 0.000000 0.531975
-0.146238 -0.607697 1.807639 -1.492246 1.815279 0.000000 0.535405
-0.160305 -0.608437 1.798755 -1.481881 1.797509 0.000000 0.538811
-0.174271 -0.609172 1.789934 -1.471590 1.779868 0.000000 0.542192
-0.188136 -0.609902 1.781177 -1.461374 1.762355 0.000000 0.545549
-0.201899 -0.610626 1.772485 -1.451232 1.744969 0.000000 0.548881
-0.215562 -0.611345 1.763856 -1.441165 1.727712 0.000000 0.552189
-0.229123 -0.612059 1.755291 -1.431173 1.710582 0.000000 0.555472
-0.242583 -0.612768 1.746790 -1.421255 1.693580 0.000000 0.558731
-0.255942 -0.613471 1.738353 -1.411412 1.676705 0.000000 0.561965
-0.269199 -0.614168 1.729980 -1.401643 1.659959 0.000000 0.565175
-0.282355 -0.614861 1.721670 -1.391949 1.643341 0.000000 0.568360
-0.295411 -0.615548 1.713425 -1.382329 1.626850 0.000000 0.571520
-0.308365 -0.616230 1.705243 -1.372784 1.610487 0.000000 0.574657
-0.321217 -0.616906 1.697126 -1.363314 1.594252 0.000000 0.577768
-0.333969 -0.617577 1.689072 -1.353918 1.578145 0.000000 0.580856
-0.346619 -0.618243 1.681083 -1.344596 1.562165 0.000000 0.583918
-0.359168 -0.618904 1.673157 -1.335350 1.546314 0.000000 0.586957
-0.371616 -0.619559 1.665295 -1.326178 1.530590 0.000000 0.589970
-0.383963 -0.620209 1.657497 -1.317080 1.514994 0.000000 0.592959
-0.396208 -0.620853 1.649763 -1.308057 1.499526 0.000000 0.595924
-0.408353 -0.621492 1.642093 -1.299109 1.484186 0.000000 0.598864
-0.420396 -0.622126 1.634487 -1.290235 1.468974 0.000000 0.601780
-0.432338 -0.622755 1.626945 -1.281435 1.453889 0.000000 0.604671
-0.444178 -0.623378 1.619466 -1.272711 1.438932 0.000000 0.607538
-0.455918 -0.623996 1.612052 -1.264060 1.424104 0.000000 0.610380
-0.467556 -0.624608 1.604701 -1.255485 1.409403 0.000000 0.613198
-0.479093 -0.625215 1.597415 -1.246984 1.394829 0.000000 0.615991
-0.490529 -0.625817 1.590192 -1.238557 1.380384 0.000000 0.618760
-0.501864 -0.626414 1.583033 -1.230205 1.366067 0.000000 0.621504
-0.513097 -0.627005 1.575938 -1.221928 1.351877 0.000000 0.624224
-0.524230 -0.627591 1.568908 -1.213725 1.337815 0.000000 0.626919
-0.535261 -0.628172 1.561941 -1.205597 1.323881 0.000000 0.629589
-0.546191 -0.628747 1.555037 -1.197544 1.310075 0.000000 0.632236
-0.557019 -0.629317 1.548198 -1.189565 1.296396 0.000000 0.634857
-0.567747 -0.629881 1.541423 -1.181660 1.282846 0.000000 0.637455
-0.578373 -0.630441 1.534712 -1.173830 1.269423 0.000000 0.640027
-0.588898 -0.630995 1.528064 -1.166075 1.256128 0.000000 0.642575
-0.599322 -0.631543 1.521481 -1.158394 1.242961 0.000000 0.645099
-0.609645 -0.632087 1.514961 -1.150788 1.229922 0.000000 0.647598
-0.619866 -0.632625 1.508505 -1.143256 1.217011 0.000000 0.650073
-0.629987 -0.633157 1.502114 -1.135799 1.204228 0.000000 0.652523
-0.640006 -0.633685 1.495786 -1.128417 1.191572 0.000000 0.654949
-0.649923 -0.634206 1.489522 -1.121109 1.179044 0.000000 0.657350
-0.659740 -0.634723 1.483322 -1.113876 1.166644 0.000000 0.659727
-0.669456 -0.635235 1.477186 -1.106717 1.154372 0.000000 0.662079
-0.679070 -0.635741 1.471114 -1.099633 1.142228 0.000000 0.664406
-0.688583 -0.636241 1.465106 -1.092623 1.130211 0.000000 0.666710
-0.697995 -0.636737 1.459161 -1.085688 1.118322 0.000000 0.668988
-0.707305 -0.637227 1.453281 -1.078828 1.106562 0.000000 0.671242
-0.716515 -0.637711 1.447464 -1.072042 1.094929 0.000000 0.673472
-0.725623 -0.638191 1.441712 -1.065330 1.083423 0.000000 0.675677
-0.734630 -0.638665 1.436023 -1.058694 1.072046 0.000000 0.677858
-0.743536 -0.639133 1.430398 -1.052131 1.060797 0.000000 0.680014
-0.752341 -0.639597 1.424838 -1.045644 1.049675 0.000000 0.682146
-0.761044 -0.640055 1.419341 -1.039231 1.038681 0.000000 0.684253
-0.769646 -0.640508 1.413908 -1.032892 1.027815 0.000000 0.686335
-0.778147 -0.640955 1.408539 -1.026628 1.017077 0.000000 0.688394
-0.786547 -0.641397 1.403233 -1.020439 1.006467 0.000000 0.690427
-0.794846 -0.641834 1.397992 -1.014324 0.995984 0.000000 0.692436
-0.803043 -0.642265 1.392815 -1.008284 0.985630 0.000000 0.694421
-0.811139 -0.642692 1.387701 -1.002318 0.975403 0.000000 0.696381
-0.819134 -0.643112 1.382652 -0.996427 0.965304 0.000000 0.698317
-0.827028 -0.643528 1.377666 -0.990611 0.955333 0.000000 0.700228
-0.834821 -0.643938 1.372745 -0.984869 0.945490 0.000000 0.702114
-0.842512 -0.644343 1.367887 -0.979202 0.935774 0.000000 0.703977
-0.850102 -0.644742 1.363093 -0.973609 0.926187 0.000000 0.705814
-0.857591 -0.645136 1.358363 -0.968091 0.916727 0.000000 0.707627
-0.864979 -0.645525 1.353697 -0.962647 0.907395 0.000000 0.709416
-0.872266 -0.645909 1.349095 -0.957278 0.898191 0.000000 0.711180
-0.879451 -0.646287 1.344557 -0.951983 0.889114 0.000000 0.712920
-0.886535 -0.646660 1.340083 -0.946763 0.880166 0.000000 0.714635
-0.893518 -0.647027 1.335673 -0.941618 0.871345 0.000000 0.716325
-0.900400 -0.647389 1.331326 -0.936547 0.862653 0.000000 0.717992
-0.907181 -0.647746 1.327044 -0.931551 0.854088 0.000000 0.719633
-0.913860 -0.648098 1.322825 -0.926629 0.845650 0.000000 0.721250
-0.920438 -0.648444 1.318671 -0.921782 0.837341 0.000000 0.722843
-0.926915 -0.648785 1.314580 -0.917010 0.829160 0.000000 0.724411
-0.933291 -0.649121 1.310553 -0.912312 0.821106 0.000000 0.725955
-0.939565 -0.649451 1.306590 -0.907689 0.813180 0.000000 0.727474
-0.945739 -0.649776 1.302691 -0.903140 0.805382 0.000000 0.728968
-0.951811 -0.650095 1.298856 -0.898666 0.797712 0.000000 0.730438
-0.957782 -0.650410 1.295085 -0.894266 0.790170 0.000000 0.731884
-0.963652 -0.650719 1.291378 -0.889941 0.782756 0.000000 0.733305
-0.969420 -0.651022 1.287735 -0.885690 0.775469 0.000000 0.734702
-0.975088 -0.651320 1.284155 -0.881514 0.768310 0.000000 0.736074
-0.980654 -0.651613 1.280640 -0.877413 0.761279 0.000000 0.737421
-0.986119 -0.651901 1.277188 -0.873386 0.754376 0.000000 0.738745
-0.991482 -0.652183 1.273801 -0.869434 0.747601 0.000000 0.740043
-0.996745 -0.652460 1.270477 -0.865556 0.740954 0.000000 0.741317
-1.001906 -0.652732 1.267217 -0.861753 0.734434 0.000000 0.742567
-1.006966 -0.652998 1.264021 -0.858025 0.728042 0.000000 0.743792
-1.011925 -0.653259 1.260889 -0.854371 0.721778 0.000000 0.744992
-1.016783 -0.653515 1.257821 -0.850791 0.715642 0.000000 0.746169
-1.021540 -0.653765 1.254817 -0.847287 0.709634 0.000000 0.747320
-1.026195 -0.654010 1.251877 -0.843856 0.703754 0.000000 0.748447
-1.030749 -0.654250 1.249001 -0.840501 0.698001 0.000000 0.749550
-1.035202 -0.654484 1.246188 -0.837220 0.692376 0.000000 0.750628
-1.039554 -0.654713 1.243440 -0.834013 0.686880 0.000000 0.751681
-1.043804 -0.654937 1.240755 -0.830881 0.681510 0.000000 0.752711
-1.047954 -0.655155 1.238135 -0.827824 0.676269 0.000000 0.753715
-1.052002 -0.655369 1.235578 -0.824841 0.671156 0.000000 0.754695
-1.055949 -0.655576 1.233085 -0.821933 0.666170 0.000000 0.755651
-1.059794 -0.655779 1.230656 -0.819099 0.661313 0.000000 0.756582
-1.063539 -0.655976 1.228291 -0.816340 0.656583 0.000000 0.757488
-1.067182 -0.656167 1.225990 -0.813655 0.651981 0.000000 0.758370
-1.070724 -0.656354 1.223753 -0.811045 0.647506 0.000000 0.759228
-1.074165 -0.656535 1.221580 -0.808510 0.643160 0.000000 0.760061
-1.077505 -0.656711 1.219471 -0.806049 0.638941 0.000000 0.760870
-1.080743 -0.656881 1.217425 -0.803663 0.634851 0.000000 0.761654
-1.083880 -0.657046 1.215444 -0.801351 0.630888 0.000000 0.762413
-1.086917 -0.657206 1.213526 -0.799114 0.627053 0.000000 0.763148
-1.089851 -0.657361 1.211673 -0.796952 0.623346 0.000000 0.763859
-1.092685 -0.657510 1.209883 -0.794864 0.619766 0.000000 0.764545
-1.095418 -0.657654 1.208157 -0.792850 0.616315 0.000000 0.765206
-1.098049 -0.657792 1.206495 -0.790911 0.612991 0.000000 0.765843
-1.100579 -0.657925 1.204898 -0.789047 0.609795 0.000000 0.766456
-1.103008 -0.658053 1.203363 -0.787257 0.606727 0.000000 0.767044
-1.105335 -0.658176 1.201893 -0.785542 0.603787 0.000000 0.767608
-1.107562 -0.658293 1.200487 -0.783902 0.600974 0.000000 0.768147
-1.109687 -0.658405 1.199145 -0.782336 0.598290 0.000000 0.768661
-1.111711 -0.658511 1.197867 -0.780844 0.595733 0.000000 0.769151
-1.113634 -0.658612 1.196652 -0.779428 0.593304 0.000000 0.769617
-1.115456 -0.658708 1.195502 -0.778085 0.591003 0.000000 0.770058
-1.117176 -0.658799 1.194415 -0.776818 0.588830 0.000000 0.770474
-1.118795 -0.658884 1.193392 -0.775624 0.586785 0.000000 0.770866
-1.120313 -0.658964 1.192434 -0.774506 0.584867 0.000000 0.771234
-1.121730 -0.659038 1.191539 -0.773462 0.583078 0.000000 0.771577
-1.123046 -0.659108 1.190708 -0.772492 0.581416 0.000000 0.771895
-1.124260 -0.659172 1.189941 -0.771598 0.579882 0.000000 0.772189
-1.125374 -0.659230 1.189238 -0.770777 0.578475 0.000000 0.772459
-1.126386 -0.659283 1.188599 -0.770032 0.577197 0.000000 0.772704
-1.127296 -0.659331 1.188023 -0.769361 0.576047 0.000000 0.772924
-1.128106 -0.659374 1.187512 -0.768764 0.575024 0.000000 0.773120
-1.128814 -0.659411 1.187065 -0.768242 0.574129 0.000000 0.773292
-1.129422 -0.659443 1.186681 -0.767795 0.573362 0.000000 0.773439
-1.129928 -0.659470 1.186361 -0.767422 0.572723 0.000000 0.773561
-1.130333 -0.659491 1.186106 -0.767123 0.572212 0.000000 0.773659
-1.130636 -0.659507 1.185914 -0.766900 0.571828 0.000000 0.773733
-1.130839 -0.659518 1.185786 -0.766751 0.571572 0.000000 0.773782
-1.130940 -0.659523 1.185722 -0.766676 0.571445 0.000000 0.773806
-1.130940 -0.659523 1.185722 -0.766676 0.571445 0.000000 0.773806
-1.130839 -0.659518 1.185786 -0.766751 0.571572 0.000000 0.773782
-1.130636 -0.659507 1.185914 -0.766900 0.571828 0.000000 0.773733
-1.130333 -0.659491 1.186106 -0.767123 0.572212 0.000000 0.773659
-1.129928 -0.659470 1.186361 -0.767422 0.572723 0.000000 0.773561
-1.129422 -0.659443 1.186681 -0.767795 0.573362 0.000000 0.773439
-1.128814 -0.659411 1.187065 -0.768242 0.574129 0.000000 0.773292
-1.128106 -0.659374 1.187512 -0.768764 0.575024 0.000000 0.773120
-1.127296 -0.659331 1.188023 -0.769361 0.576047 0.000000 0.772924
-1.126386 -0.659283 1.188599 -0.770032 0.577197 0.000000 0.772704
-1.125374 -0.659230 1.189238 -0.770777 0.578475 0.000000 0.772459
-1.124260 -0.659172 1.189941 -0.771598 0.579882 0.000000 0.772189
-1.123046 -0.659108 1.190708 -0.772492 0.581416 0.000000 0.771895
-1.121730 -0.659038 1.191539 -0.773462 0.583078 0.000000 0.771577
-1.120313 -0.658964 1.192434 -0.774506 0.584867 0.000000 0.771234
-1.118795 -0.658884 1.193392 -0.775624 0.586785 0.000000 0.770866
-1.117176 -0.658799 1.194415 -0.776818 0.588830 0.000000 0.770474
-1.115456 -0.658708 1.195502 -0.778085 0.591003 0.000000 0.770058
-1.113634 -0.658612 1.196652 -0.779428 0.593304 0.000000 0.769617
-1.111711 -0.658511 1.197867 -0.780844 0.595733 0.000000 0.769151
-1.109687 -0.658405 1.199145 -0.782336 0.598290 0.000000 0.768661
-1.107562 -0.658293 1.200487 -0.783902 0.600974 0.000000 0.768147
-1.105335 -0.658176 1.201893 -0.785542 0.603787 0.000000 0.767608
-1.103008 -0.658053 1.203363 -0.787257 0.606727 0.000000 0.767044
-1.100579 -0.657925 1.204898 -0.789047 0.609795 0.000000 0.766456
-1.098049 -0.657792 1.206495 -0.790911 0.612991 0.000000 0.765843
-1.095418 -0.657654 1.208157 -0.792850 0.616315 0.000000 0.765206
-1.092685 -0.657510 1.209883 -0.794864 0.619766 0.000000 0.764545
-1.089851 -0.657361 1.211673 -0.796952 0.623346 0.000000 0.763859
-1.086917 -0.657206 1.213526 -0.799114 0.627053 0.000000 0.763148
-1.083880 -0.657046 1.215444 -0.801351 0.630888 0.000000 0.762413
-1.080743 -0.656881 1.217425 -0.803663 0.634851 0.000000 0.761654
-1.077505 -0.656711 1.219471 -0.806049 0.638941 0.000000 0.760870
-1.074165 -0.656535 1.221580 -0.808510 0.643160 0.000000 0.760061
-1.070724 -0.656354 1.223753 -0.811045 0.647506 0.000000 0.759228
-1.067182 -0.656167 1.225990 -0.813655 0.651981 0.000000 0.758370
-1.063539 -0.655976 1.228291 -0.816340 0.656583 0.000000 0.757488
-1.059794 -0.655779 1.230656 -0.819099 0.661313 0.000000 0.756582
-1.055949 -0.655576 1.233085 -0.821933 0.666170 0.000000 0.755651
-1.052002 -0.655369 1.235578 -0.824841 0.671156 0.000000 0.754695
-1.047954 -0.655155 1.238135 -0.827824 0.676269 0.000000 0.753715
-1.043804 -0.654937 1.240755 -0.830881 0.681510 0.000000 0.752711
-1.039554 -0.654713 1.243440 -0.834013 0.686880 0.000000 0.751681
-1.035202 -0.654484 1.246188 -0.837220 0.692376 0.000000 0.750628
-1.030749 -0.654250 1.249001 -0.840501 0.698001 0.000000 0.749550
-1.026195 -0.654010 1.251877 -0.843856 0.703754 0.000000 0.748447
-1.021540 -0.653765 1.254817 -0.847287 0.709634 0.000000 0.747320
-1.016783 -0.653515 1.257821 -0.850791 0.715642 0.000000 0.746169
-1.011925 -0.653259 1.260889 -0.854371 0.721778 0.000000 0.744992
-1.006966 -0.652998 1.264021 -0.858025 0.728042 0.000000 0.743792
-1.001906 -0.652732 1.267217 -0.861753 0.734434 0.000000 0.742567
-0.996745 -0.652460 1.270477 -0.865556 0.740954 0.000000 0.741317
-0.991482 -0.652183 1.273801 -0.869434 0.747601 0.000000 0.740043
-0.986119 -0.651901 1.277188 -0.873386 0.754376 0.000000 0.738745
-0.980654 -0.651613 1.280640 -0.877413 0.761279 0.000000 0.737421
-0.975088 -0.651320 1.284155 -0.881514 0.768310 0.000000 0.736074
-0.969420 -0.651022 1.287735 -0.885690 0.775469 0.000000 0.734702
-0.963652 -0.650719 1.291378 -0.889941 0.782756 0.000000 0.733305
-0.957782 -0.650410 1.295085 -0.894266 0.790170 0.000000 0.731884
-0.951811 -0.650095 1.298856 -0.898666 0.797712 0.000000 0.730438
-0.945739 -0.649776 1.302691 -0.903140 0.805382 0.000000 0.728968
-0.939565 -0.649451 1.306590 -0.907689 0.813180 0.000000 0.727474
-0.933291 -0.649121 1.310553 -0.912312 0.821106 0.000000 0.725955
-0.926915 -0.648785 1.314580 -0.917010 0.829160 0.000000 0.724411
-0.920438 -0.648444 1.318671 -0.921782 0.837341 0.000000 0.722843
-0.913860 -0.648098 1.322825 -0.926629 0.845650 0.000000 0.721250
-0.907181 -0.647746 1.327044 -0.931551 0.854088 0.000000 0.719633
-0.900400 -0.647389 1.331326 -0.936547 0.862653 0.000000 0.717992
-0.893518 -0.647027 1.335673 -0.941618 0.871345 0.000000 0.716325
-0.886535 -0.646660 1.340083 -0.946763 0.880166 0.000000 0.714635
-0.879451 -0.646287 1.344557 -0.951983 0.889114 0.000000 0.712920
-0.872266 -0.645909 1.349095 -0.957278 0.898191 0.000000 0.711180
-0.864979 -0.645525 1.353697 -0.962647 0.907395 0.000000 0.709416
-0.857591 -0.645136 1.358363 -0.968091 0.916727 0.000000 0.707627
-0.850102 -0.644742 1.363093 -0.973609 0.926187 0.000000 0.705814
-0.842512 -0.644343 1.367887 -0.979202 0.935774 0.000000 0.703977
-0.834821 -0.643938 1.372745 -0.984869 0.945490 0.000000 0.702114
-0.827028 -0.643528 1.377666 -0.990611 0.955333 0.000000 0.700228
-0.819134 -0.643112 1.382652 -0.996427 0.965304 0.000000 0.698317
-0.811139 -0.642692 1.387701 -1.002318 0.975403 0.000000 0.696381
-0.803043 -0.642265 1.392815 -1.008284 0.985630 0.000000 0.694421
-0.794846 -0.641834 1.397992 -1.014324 0.995984 0.000000 0.692436
-0.786547 -0.641397 1.403233 -1.020439 1.006467 0.000000 0.690427
-0.778147 -0.640955 1.408539 -1.026628 1.017077 0.000000 0.688394
-0.769646 -0.640508 1.413908 -1.032892 1.027815 0.000000 0.686335
-0.761044 -0.640055 1.419341 -1.039231 1.038681 0.000000 0.684253
-0.752341 -0.639597 1.424838 -1.045644 1.049675 0.000000 0.682146
-0.743536 -0.639133 1.430398 -1.052131 1.060797 0.000000 0.680014
-0.734630 -0.638665 1.436023 -1.058694 1.072046 0.000000 0.677858
-0.725623 -0.638191 1.441712 -1.065330 1.083423 0.000000 0.675677
-0.716515 -0.637711 1.447464 -1.072042 1.094929 0.000000 0.673472
-0.707305 -0.637227 1.453281 -1.078828 1.106562 0.000000 0.671242
-0.697995 -0.636737 1.459161 -1.085688 1.118322 0.000000 0.668988
-0.688583 -0.636241 1.465106 -1.092623 1.130211 0.000000 0.666710
-0.679070 -0.635741 1.471114 -1.099633 1.142228 0.000000 0.664406
-0.669456 -0.635235 1.477186 -1.106717 1.154372 0.000000 0.662079
-0.659740 -0.634723 1.483322 -1.113876 1.166644 0.000000 0.659727
-0.649923 -0.634206 1.489522 -1.121109 1.179044 0.000000 0.657350
-0.640006 -0.633685 1.495786 -1.128417 1.191572 0.000000 0.654949
-0.629987 -0.633157 1.502114 -1.135799 1.204228 0.000000 0.652523
-0.619866 -0.632625 1.508505 -1.143256 1.217011 0.000000 0.650073
-0.609645 -0.632087 1.514961 -1.150788 1.229922 0.000000 0.647598
-0.599322 -0.631543 1.521481 -1.158394 1.242961 0.000000 0.645099
-0.588898 -0.630995 1.528064 -1.166075 1.256128 0.000000 0.642575
-0.578373 -0.630441 1.534712 -1.173830 1.269423 0.000000 0.640027
-0.567747 -0.629881 1.541423 -1.181660 1.282846 0.000000 0.637455
-0.557019 -0.629317 1.548198 -1.189565 1.296396 0.000000 0.634857
-0.546191 -0.628747 1.555037 -1.197544 1.310075 0.000000 0.632236
-0.535261 -0.628172 1.561941 -1.205597 1.323881 0.000000 0.629589
-0.524230 -0.627591 1.568908 -1.213725 1.337815 0.000000 0.626919
-0.513097 -0.627005 1.575938 -1.221928 1.351877 0.000000 0.624224
-0.501864 -0.626414 1.583033 -1.230205 1.366067 0.000000 0.621504
-0.490529 -0.625817 1.590192 -1.238557 1.380384 0.000000 0.618760
-0.479093 -0.625215 1.597415 -1.246984 1.394829 0.000000 0.615991
-0.467556 -0.624608 1.604701 -1.255485 1.409403 0.000000 0.613198
-0.455918 -0.623996 1.612052 -1.264060 1.424104 0.000000 0.610380
-0.444178 -0.623378 1.619466 -1.272711 1.438932 0.000000 0.607538
-0.432338 -0.622755 1.626945 -1.281435 1.453889 0.000000 0.604671
-0.420396 -0.622126 1.634487 -1.290235 1.468974 0.000000 0.601780
-0.408353 -0.621492 1.642093 -1.299109 1.484186 0.000000 0.598864
-0.396208 -0.620853 1.649763 -1.308057 1.499526 0.000000 0.595924
-0.383963 -0.620209 1.657497 -1.317080 1.514994 0.000000 0.592959
-0.371616 -0.619559 1.665295 -1.326178 1.530590 0.000000 0.589970
-0.359168 -0.618904 1.673157 -1.335350 1.546314 0.000000 0.586957
-0.346619 -0.618243 1.681083 -1.344596 1.562165 0.000000 0.583918
-0.333969 -0.617577 1.689072 -1.353918 1.578145 0.000000 0.580856
-0.321217 -0.616906 1.697126 -1.363314 1.594252 0.000000 0.577768
-0.308365 -0.616230 1.705243 -1.372784 1.610487 0.000000 0.574657
-0.295411 -0.615548 1.713425 -1.382329 1.626850 0.000000 0.571520
-0.282355 -0.614861 1.721670 -1.391949 1.643341 0.000000 0.568360
-0.269199 -0.614168 1.729980 -1.401643 1.659959 0.000000 0.565175
-0.255942 -0.613471 1.738353 -1.411412 1.676705 0.000000 0.561965
-0.242583 -0.612768 1.746790 -1.421255 1.693580 0.000000 0.558731
-0.229123 -0.612059 1.755291 -1.431173 1.710582 0.000000 0.555472
-0.215562 -0.611345 1.763856 -1.441165 1.727712 0.000000 0.552189
-0.201899 -0.610626 1.772485 -1.451232 1.744969 0.000000 0.548881
-0.188136 -0.609902 1.781177 -1.461374 1.762355 0.000000 0.545549
-0.174271 -0.609172 1.789934 -1.471590 1.779868 0.000000 0.542192
-0.160305 -0.608437 1.798755 -1.481881 1.797509 0.000000 0.538811
-0.146238 -0.607697 1.807639 -1.492246 1.815279 0.000000 0.535405
-0.132069 -0.606951 1.816588 -1.502686 1.833175 0.000000 0.531975
-0.117800 -0.606200 1.825600 -1.513200 1.851200 0.000000 0.528520
-0.103429 -0.605444 1.834676 -1.523789 1.869353 0.000000 0.525041
-0.088957 -0.604682 1.843817 -1.534453 1.887633 0.000000 0.521537
-0.074384 -0.603915 1.853021 -1.545191 1.906041 0.000000 0.518009
-0.059710 -0.603143 1.862289 -1.556003 1.924577 0.000000 0.514456
-0.044934 -0.602365 1.871621 -1.566891 1.943241 0.000000 0.510879
-0.030057 -0.601582 1.881017 -1.577853 1.962033 0.000000 0.507277
-0.015079 -0.600794 1.890476 -1.588889 1.980953 0.000000 0.503651
0.000000 -0.600000 1.900000 -1.600000 2.000000 0.000000 0.500000
