-0.000000 -0.600000 1.900000 -1.600000 2.000000 0.000000 0.500000
-0.003730 -0.593516 1.905333 -1.600347 1.982610 0.000000 0.500000
-0.007430 -0.587107 1.910613 -1.600685 1.965508 0.000000 0.500000
-0.011098 -0.580771 1.915838 -1.601014 1.948691 0.000000 0.500000
-0.014735 -0.574508 1.921011 -1.601335 1.932158 0.000000 0.500000
-0.018341 -0.568318 1.926129 -1.601647 1.915907 0.000000 0.500000
-0.021916 -0.562202 1.931194 -1.601951 1.899936 0.000000 0.500000
-0.025460 -0.556158 1.936206 -1.602246 1.884243 0.000000 0.500000
-0.028972 -0.550186 1.941165 -1.602534 1.868827 0.000000 0.500000
-0.032454 -0.544286 1.946071 -1.602813 1.853685 0.000000 0.500000
-0.035904 -0.538459 1.950923 -1.603084 1.838817 0.000000 0.500000
-0.039323 -0.532702 1.955723 -1.603347 1.824219 0.000000 0.500000
-0.042711 -0.527018 1.960471 -1.603601 1.809892 0.000000 0.500000
-0.046068 -0.521404 1.965165 -1.603848 1.795831 0.000000 0.500000
-0.049394 -0.515862 1.969807 -1.604088 1.782037 0.000000 0.500000
-0.052689 -0.510390 1.974397 -1.604319 1.768507 0.000000 0.500000
-0.055952 -0.504988 1.978935 -1.604543 1.755239 0.000000 0.500000
-0.059185 -0.499657 1.983420 -1.604759 1.742231 0.000000 0.500000
-0.062386 -0.494395 1.987854 -1.604967 1.729482 0.000000 0.500000
-0.065556 -0.489204 1.992235 -1.605168 1.716990 0.000000 0.500000
-0.068695 -0.484081 1.996565 -1.605362 1.704753 0.000000 0.500000
-0.071803 -0.479028 2.000843 -1.605548 1.692770 0.000000 0.500000
-0.074879 -0.474044 2.005070 -1.605727 1.681038 0.000000 0.500000
-0.077925 -0.469128 2.009245 -1.605899 1.669556 0.000000 0.500000
-0.080939 -0.464281 2.013369 -1.606064 1.658321 0.000000 0.500000
-0.083922 -0.459502 2.017441 -1.606222 1.647333 0.000000 0.500000
-0.086874 -0.454791 2.021463 -1.606373 1.636590 0.000000 0.500000
-0.089795 -0.450148 2.025433 -1.606517 1.626089 0.000000 0.500000
-0.092685 -0.445572 2.029353 -1.606654 1.615828 0.000000 0.500000
-0.095544 -0.441063 2.033222 -1.606784 1.605807 0.000000 0.500000
-0.098371 -0.436622 2.037041 -1.606908 1.596023 0.000000 0.500000
-0.101167 -0.432247 2.040808 -1.607025 1.586475 0.000000 0.500000
-0.103932 -0.427938 2.044526 -1.607136 1.577160 0.000000 0.500000
-0.106666 -0.423696 2.048193 -1.607240 1.568077 0.000000 0.500000
-0.109369 -0.419519 2.051810 -1.607338 1.559224 0.000000 0.500000
-0.112041 -0.415409 2.055377 -1.607429 1.550600 0.000000 0.500000
-0.114681 -0.411364 2.058894 -1.607515 1.542202 0.000000 0.500000
-0.117290 -0.407384 2.062362 -1.607594 1.534028 0.000000 0.500000
-0.119868 -0.403469 2.065779 -1.607667 1.526078 0.000000 0.500000
-0.122415 -0.399618 2.069147 -1.607734 1.518349 0.000000 0.500000
-0.124931 -0.395833 2.072466 -1.607795 1.510839 0.000000 0.500000
-0.127415 -0.392111 2.075735 -1.607851 1.503547 0.000000 0.500000
-0.129868 -0.388454 2.078955 -1.607900 1.496471 0.000000 0.500000
-0.132291 -0.384860 2.082126 -1.607944 1.489609 0.000000 0.500000
-0.134681 -0.381330 2.085248 -1.607982 1.482959 0.000000 0.500000
-0.137041 -0.377863 2.088321 -1.608015 1.476519 0.000000 0.500000
-0.139370 -0.374459 2.091345 -1.608042 1.470288 0.000000 0.500000
-0.141667 -0.371118 2.094321 -1.608064 1.464264 0.000000 0.500000
-0.143933 -0.367839 2.097248 -1.608080 1.458445 0.000000 0.500000
-0.146168 -0.364623 2.100127 -1.608091 1.452829 0.000000 0.500000
-0.148372 -0.361468 2.102957 -1.608097 1.447415 0.000000 0.500000
-0.150545 -0.358376 2.105739 -1.608098 1.442201 0.000000 0.500000
-0.152686 -0.355345 2.108473 -1.608094 1.437184 0.000000 0.500000
-0.154796 -0.352375 2.111159 -1.608084 1.432364 0.000000 0.500000
-0.156875 -0.349466 2.113798 -1.608070 1.427738 0.000000 0.500000
-0.158923 -0.346618 2.116388 -1.608051 1.423304 0.000000 0.500000
-0.160939 -0.343831 2.118931 -1.608028 1.419062 0.000000 0.500000
-0.162925 -0.341104 2.121427 -1.607999 1.415008 0.000000 0.500000
-0.164879 -0.338437 2.123875 -1.607966 1.411142 0.000000 0.500000
-0.166802 -0.335829 2.126276 -1.607929 1.407461 0.000000 0.500000
-0.168693 -0.333282 2.128629 -1.607887 1.403963 0.000000 0.500000
-0.170554 -0.330793 2.130936 -1.607840 1.400648 0.000000 0.500000
-0.172383 -0.328364 2.133196 -1.607790 1.397512 0.000000 0.500000
-0.174181 -0.325994 2.135409 -1.607735 1.394555 0.000000 0.500000
-0.175948 -0.323682 2.137575 -1.607676 1.391775 0.000000 0.500000
-0.177683 -0.321428 2.139695 -1.607612 1.389169 0.000000 0.500000
-0.179388 -0.319232 2.141768 -1.607545 1.386736 0.000000 0.500000
-0.181061 -0.317095 2.143795 -1.607474 1.384474 0.000000 0.500000
-0.182703 -0.315015 2.145776 -1.607399 1.382381 0.000000 0.500000
-0.184313 -0.312992 2.147711 -1.607320 1.380456 0.000000 0.500000
-0.185893 -0.311026 2.149599 -1.607238 1.378697 0.000000 0.500000
-0.187441 -0.309117 2.151442 -1.607151 1.377102 0.000000 0.500000
-0.188958 -0.307265 2.153239 -1.607062 1.375669 0.000000 0.500000
-0.190444 -0.305469 2.154990 -1.606968 1.374396 0.000000 0.500000
-0.191898 -0.303729 2.156696 -1.606871 1.373282 0.000000 0.500000
-0.193321 -0.302046 2.158357 -1.606771 1.372325 0.000000 0.500000
-0.194713 -0.300417 2.159972 -1.606668 1.371523 0.000000 0.500000
-0.196074 -0.298844 2.161542 -1.606561 1.370874 0.000000 0.500000
-0.197403 -0.297327 2.163067 -1.606452 1.370377 0.000000 0.500000
-0.198702 -0.295864 2.164547 -1.606339 1.370030 0.000000 0.500000
-0.199969 -0.294455 2.165982 -1.606223 1.369830 0.000000 0.500000
-0.201204 -0.293101 2.167372 -1.606104 1.369776 0.000000 0.500000
-0.202409 -0.291802 2.168718 -1.605983 1.369867 0.000000 0.500000
-0.203582 -0.290556 2.170020 -1.605858 1.370100 0.000000 0.500000
-0.204724 -0.289363 2.171277 -1.605731 1.370474 0.000000 0.500000
-0.205835 -0.288224 2.172489 -1.605601 1.370987 0.000000 0.500000
-0.206914 -0.287139 2.173658 -1.605469 1.371638 0.000000 0.500000
-0.207962 -0.286106 2.174783 -1.605334 1.372423 0.000000 0.500000
-0.208979 -0.285126 2.175863 -1.605197 1.373342 0.000000 0.500000
-0.209965 -0.284198 2.176900 -1.605058 1.374393 0.000000 0.500000
-0.210919 -0.283322 2.177894 -1.604916 1.375575 0.000000 0.500000
-0.211842 -0.282499 2.178843 -1.604772 1.376884 0.000000 0.500000
-0.212734 -0.281726 2.179750 -1.604626 1.378320 0.000000 0.500000
-0.213594 -0.281006 2.180613 -1.604478 1.379880 0.000000 0.500000
-0.214424 -0.280336 2.181432 -1.604328 1.381564 0.000000 0.500000
-0.215222 -0.279718 2.182209 -1.604176 1.383368 0.000000 0.500000
-0.215988 -0.279150 2.182943 -1.604022 1.385292 0.000000 0.500000
-0.216724 -0.278633 2.183634 -1.603866 1.387333 0.000000 0.500000
-0.217428 -0.278165 2.184282 -1.603709 1.389490 0.000000 0.500000
-0.218101 -0.277748 2.184887 -1.603550 1.391761 0.000000 0.500000
-0.218742 -0.277381 2.185450 -1.603390 1.394144 0.000000 0.500000
-0.219353 -0.277062 2.185971 -1.603228 1.396638 0.000000 0.500000
-0.219932 -0.276793 2.186449 -1.603065 1.399240 0.000000 0.500000
-0.220479 -0.276574 2.186885 -1.602901 1.401949 0.000000 0.500000
-0.220996 -0.276402 2.187279 -1.602735 1.404763 0.000000 0.500000
-0.221481 -0.276279 2.187631 -1.602568 1.407680 0.000000 0.500000
-0.221934 -0.276205 2.187941 -1.602400 1.410699 0.000000 0.500000
-0.222357 -0.276178 2.188210 -1.602231 1.413817 0.000000 0.500000
-0.222748 -0.276199 2.188437 -1.602061 1.417034 0.000000 0.500000
-0.223108 -0.276268 2.188623 -1.601890 1.420346 0.000000 0.500000
-0.223437 -0.276384 2.188767 -1.601719 1.423752 0.000000 0.500000
-0.223734 -0.276546 2.188870 -1.601546 1.427252 0.000000 0.500000
-0.224000 -0.276756 2.188932 -1.601373 1.430841 0.000000 0.500000
-0.224235 -0.277012 2.188953 -1.601200 1.434520 0.000000 0.500000
-0.224438 -0.277314 2.188932 -1.601026 1.438286 0.000000 0.500000
-0.224610 -0.277662 2.188872 -1.600851 1.442137 0.000000 0.500000
-0.224751 -0.278056 2.188770 -1.600676 1.446072 0.000000 0.500000
-0.224860 -0.278496 2.188628 -1.600501 1.450089 0.000000 0.500000
-0.224938 -0.278981 2.188446 -1.600326 1.454186 0.000000 0.500000
-0.224985 -0.279510 2.188223 -1.600150 1.458361 0.000000 0.500000
-0.225000 -0.280085 2.187960 -1.599975 1.462612 0.000000 0.500000
-0.224984 -0.280704 2.187657 -1.599799 1.466938 0.000000 0.500000
-0.224937 -0.281367 2.187314 -1.599624 1.471337 0.000000 0.500000
-0.224859 -0.282074 2.186931 -1.599449 1.475807 0.000000 0.500000
-0.224749 -0.282826 2.186509 -1.599274 1.480346 0.000000 0.500000
-0.224608 -0.283620 2.186046 -1.599099 1.484953 0.000000 0.500000
-0.224435 -0.284458 2.185545 -1.598925 1.489625 0.000000 0.500000
-0.224231 -0.285339 2.185004 -1.598751 1.494361 0.000000 0.500000
-0.223996 -0.286263 2.184423 -1.598577 1.499160 0.000000 0.500000
-0.223729 -0.287229 2.183804 -1.598404 1.504019 0.000000 0.500000
-0.223431 -0.288238 2.183145 -1.598232 1.508936 0.000000 0.500000
-0.223102 -0.289288 2.182448 -1.598061 1.513910 0.000000 0.500000
-0.222742 -0.290381 2.181712 -1.597890 1.518939 0.000000 0.500000
-0.222350 -0.291514 2.180937 -1.597721 1.524022 0.000000 0.500000
-0.221926 -0.292690 2.180123 -1.597552 1.529155 0.000000 0.500000
-0.221472 -0.293906 2.179271 -1.597384 1.534339 0.000000 0.500000
-0.220986 -0.295163 2.178381 -1.597218 1.539570 0.000000 0.500000
-0.220468 -0.296461 2.177452 -1.597052 1.544847 0.000000 0.500000
-0.219920 -0.297799 2.176486 -1.596888 1.550169 0.000000 0.500000
-0.219340 -0.299177 2.175481 -1.596725 1.555533 0.000000 0.500000
-0.218728 -0.300595 2.174438 -1.596564 1.560938 0.000000 0.500000
-0.218086 -0.302053 2.173358 -1.596404 1.566381 0.000000 0.500000
-0.217411 -0.303550 2.172240 -1.596246 1.571862 0.000000 0.500000
-0.216706 -0.305086 2.171085 -1.596089 1.577378 0.000000 0.500000
-0.215969 -0.306660 2.169892 -1.595934 1.582928 0.000000 0.500000
-0.215201 -0.308274 2.168662 -1.595781 1.588509 0.000000 0.500000
-0.214401 -0.309925 2.167394 -1.595629 1.594121 0.000000 0.500000
-0.213570 -0.311615 2.166090 -1.595480 1.599760 0.000000 0.500000
-0.212708 -0.313343 2.164748 -1.595332 1.605426 0.000000 0.500000
-0.211814 -0.315108 2.163370 -1.595187 1.611117 0.000000 0.500000
-0.210889 -0.316911 2.161955 -1.595043 1.616830 0.000000 0.500000
-0.209933 -0.318751 2.160504 -1.594902 1.622564 0.000000 0.500000
-0.208945 -0.320628 2.159016 -1.594763 1.628318 0.000000 0.500000
-0.207926 -0.322541 2.157491 -1.594627 1.634089 0.000000 0.500000
-0.206875 -0.324491 2.155931 -1.594493 1.639876 0.000000 0.500000
-0.205793 -0.326476 2.154334 -1.594361 1.645677 0.000000 0.500000
-0.204680 -0.328498 2.152701 -1.594232 1.651490 0.000000 0.500000
-0.203535 -0.330555 2.151032 -1.594106 1.657313 0.000000 0.500000
-0.202359 -0.332648 2.149328 -1.593982 1.663145 0.000000 0.500000
-0.201151 -0.334776 2.147588 -1.593862 1.668983 0.000000 0.500000
-0.199912 -0.336939 2.145812 -1.593744 1.674826 0.000000 0.500000
-0.198642 -0.339136 2.144001 -1.593629 1.680673 0.000000 0.500000
-0.197340 -0.341368 2.142154 -1.593517 1.686521 0.000000 0.500000
-0.196007 -0.343634 2.140272 -1.593408 1.692368 0.000000 0.500000
-0.194643 -0.345934 2.138355 -1.593302 1.698214 0.000000 0.500000
-0.193247 -0.348267 2.136404 -1.593200 1.704055 0.000000 0.500000
-0.191819 -0.350634 2.134417 -1.593101 1.709891 0.000000 0.500000
-0.190361 -0.353034 2.132395 -1.593005 1.715719 0.000000 0.500000
-0.188870 -0.355468 2.130339 -1.592912 1.721537 0.000000 0.500000
-0.187349 -0.357933 2.128249 -1.592824 1.727345 0.000000 0.500000
-0.185796 -0.360431 2.126124 -1.592738 1.733140 0.000000 0.500000
-0.184211 -0.362962 2.123964 -1.592657 1.738920 0.000000 0.500000
-0.182596 -0.365524 2.121771 -1.592579 1.744683 0.000000 0.500000
-0.180948 -0.368118 2.119543 -1.592505 1.750428 0.000000 0.500000
-0.179270 -0.370744 2.117282 -1.592435 1.756154 0.000000 0.500000
-0.177560 -0.373400 2.114986 -1.592369 1.761857 0.000000 0.500000
-0.175818 -0.376088 2.112657 -1.592307 1.767537 0.000000 0.500000
-0.174045 -0.378806 2.110295 -1.592249 1.773191 0.000000 0.500000
-0.172241 -0.381555 2.107899 -1.592195 1.778818 0.000000 0.500000
-0.170405 -0.384334 2.105469 -1.592146 1.784416 0.000000 0.500000
-0.168538 -0.387143 2.103007 -1.592101 1.789983 0.000000 0.500000
-0.166639 -0.389981 2.100511 -1.592060 1.795518 0.000000 0.500000
-0.164709 -0.392849 2.097982 -1.592024 1.801018 0.000000 0.500000
-0.162748 -0.395747 2.095420 -1.591992 1.806483 0.000000 0.500000
-0.160755 -0.398673 2.092826 -1.591965 1.811909 0.000000 0.500000
-0.158731 -0.401628 2.090198 -1.591943 1.817296 0.000000 0.500000
-0.156675 -0.404612 2.087539 -1.591925 1.822641 0.000000 0.500000
-0.154588 -0.407624 2.084847 -1.591912 1.827942 0.000000 0.500000
-0.152469 -0.410663 2.082122 -1.591905 1.833199 0.000000 0.500000
-0.150319 -0.413731 2.079365 -1.591902 1.838409 0.000000 0.500000
-0.148137 -0.416826 2.076577 -1.591904 1.843570 0.000000 0.500000
-0.145924 -0.419948 2.073756 -1.591911 1.848681 0.000000 0.500000
-0.143680 -0.423097 2.070903 -1.591924 1.853740 0.000000 0.500000
-0.141404 -0.426273 2.068019 -1.591942 1.858744 0.000000 0.500000
-0.139096 -0.429476 2.065103 -1.591965 1.863693 0.000000 0.500000
-0.136757 -0.432705 2.062155 -1.591994 1.868584 0.000000 0.500000
-0.134387 -0.435960 2.059176 -1.592028 1.873416 0.000000 0.500000
-0.131985 -0.439240 2.056166 -1.592068 1.878187 0.000000 0.500000
-0.129552 -0.442546 2.053125 -1.592113 1.882894 0.000000 0.500000
-0.127087 -0.445878 2.050053 -1.592165 1.887537 0.000000 0.500000
-0.124591 -0.449234 2.046949 -1.592222 1.892114 0.000000 0.500000
-0.122064 -0.452616 2.043815 -1.592284 1.896622 0.000000 0.500000
-0.119505 -0.456021 2.040650 -1.592353 1.901060 0.000000 0.500000
-0.116914 -0.459451 2.037455 -1.592428 1.905426 0.000000 0.500000
-0.114292 -0.462905 2.034229 -1.592509 1.909719 0.000000 0.500000
-0.111638 -0.466383 2.030973 -1.592596 1.913936 0.000000 0.500000
-0.108953 -0.469885 2.027686 -1.592689 1.918075 0.000000 0.500000
-0.106237 -0.473410 2.024370 -1.592789 1.922136 0.000000 0.500000
-0.103489 -0.476958 2.021023 -1.592895 1.926116 0.000000 0.500000
-0.100710 -0.480528 2.017647 -1.593008 1.930014 0.000000 0.500000
-0.097899 -0.484121 2.014241 -1.593127 1.933827 0.000000 0.500000
-0.095056 -0.487737 2.010805 -1.593252 1.937554 0.000000 0.500000
-0.092183 -0.491375 2.007339 -1.593385 1.941192 0.000000 0.500000
-0.089277 -0.495034 2.003844 -1.593524 1.944742 0.000000 0.500000
-0.086340 -0.498715 2.000320 -1.593670 1.948199 0.000000 0.500000
-0.083372 -0.502417 1.996767 -1.593822 1.951563 0.000000 0.500000
-0.080372 -0.506141 1.993185 -1.593982 1.954833 0.000000 0.500000
-0.077341 -0.509885 1.989573 -1.594149 1.958005 0.000000 0.500000
-0.074278 -0.513650 1.985933 -1.594323 1.961078 0.000000 0.500000
-0.071184 -0.517435 1.982264 -1.594504 1.964052 0.000000 0.500000
-0.068058 -0.521241 1.978566 -1.594693 1.966922 0.000000 0.500000
-0.064901 -0.525066 1.974840 -1.594888 1.969689 0.000000 0.500000
-0.061712 -0.528911 1.971086 -1.595092 1.972350 0.000000 0.500000
-0.058491 -0.532775 1.967303 -1.595302 1.974904 0.000000 0.500000
-0.055240 -0.536658 1.963492 -1.595521 1.977348 0.000000 0.500000
-0.051956 -0.540560 1.959653 -1.595746 1.979680 0.000000 0.500000
-0.048641 -0.544481 1.955786 -1.595980 1.981900 0.000000 0.500000
-0.045295 -0.548420 1.951892 -1.596221 1.984005 0.000000 0.500000
-0.041917 -0.552377 1.947970 -1.596471 1.985994 0.000000 0.500000
-0.038508 -0.556352 1.944020 -1.596728 1.987864 0.000000 0.500000
-0.035067 -0.560345 1.940042 -1.596993 1.989614 0.000000 0.500000
-0.031594 -0.564355 1.936038 -1.597266 1.991242 0.000000 0.500000
-0.028090 -0.568383 1.932006 -1.597548 1.992747 0.000000 0.500000
-0.024555 -0.572427 1.927947 -1.597837 1.994125 0.000000 0.500000
-0.020988 -0.576488 1.923861 -1.598135 1.995377 0.000000 0.500000
-0.017389 -0.580565 1.919748 -1.598441 1.996500 0.000000 0.500000
-0.013759 -0.584659 1.915608 -1.598756 1.997492 0.000000 0.500000
-0.010098 -0.588768 1.911442 -1.599079 1.998351 0.000000 0.500000
-0.006404 -0.592893 1.907249 -1.599411 1.999076 0.000000 0.500000
-0.002680 -0.597033 1.903030 -1.599751 1.999664 0.000000 0.500000
0.001076 -0.601189 1.898784 -1.600101 2.000114 0.000000 0.500000
0.004864 -0.605359 1.894513 -1.600459 2.000427 0.000000 0.500000
0.008682 -0.609543 1.890217 -1.600825 2.000603 0.000000 0.500000
0.012530 -0.613739 1.885898 -1.601199 2.000645 0.000000 0.500000
0.016408 -0.617946 1.881558 -1.601581 2.000555 0.000000 0.500000
0.020314 -0.622164 1.877196 -1.601969 2.000337 0.000000 0.500000
0.024249 -0.626391 1.872816 -1.602365 1.999991 0.000000 0.500000
0.028210 -0.630625 1.868418 -1.602767 1.999521 0.000000 0.500000
0.032199 -0.634867 1.864003 -1.603176 1.998929 0.000000 0.500000
0.036213 -0.639114 1.859573 -1.603590 1.998217 0.000000 0.500000
0.040253 -0.643366 1.855129 -1.604009 1.997387 0.000000 0.500000
0.044318 -0.647621 1.850673 -1.604434 1.996443 0.000000 0.500000
0.048407 -0.651878 1.846205 -1.604863 1.995385 0.000000 0.500000
0.052519 -0.656137 1.841728 -1.605297 1.994217 0.000000 0.500000
0.056654 -0.660396 1.837242 -1.605734 1.992942 0.000000 0.500000
0.060811 -0.664654 1.832750 -1.606175 1.991560 0.000000 0.500000
0.064989 -0.668909 1.828251 -1.606619 1.990075 0.000000 0.500000
0.069188 -0.673162 1.823748 -1.607066 1.988489 0.000000 0.500000
0.073408 -0.677409 1.819241 -1.607515 1.986804 0.000000 0.500000
0.077647 -0.681652 1.814733 -1.607967 1.985023 0.000000 0.500000
0.081904 -0.685887 1.810225 -1.608420 1.983149 0.000000 0.500000
0.086180 -0.690115 1.805717 -1.608875 1.981182 0.000000 0.500000
0.090473 -0.694334 1.801211 -1.609330 1.979126 0.000000 0.500000
0.094783 -0.698543 1.796709 -1.609786 1.976983 0.000000 0.500000
0.099110 -0.702741 1.792212 -1.610243 1.974756 0.000000 0.500000
0.103451 -0.706927 1.787721 -1.610699 1.972446 0.000000 0.500000
0.107808 -0.711099 1.783237 -1.611155 1.970057 0.000000 0.500000
0.112179 -0.715256 1.778762 -1.611610 1.967590 0.000000 0.500000
0.116563 -0.719398 1.774298 -1.612063 1.965047 0.000000 0.500000
0.120960 -0.723524 1.769845 -1.612515 1.962432 0.000000 0.500000
0.125369 -0.727631 1.765405 -1.612966 1.959747 0.000000 0.500000
0.129790 -0.731719 1.760979 -1.613414 1.956993 0.000000 0.500000
0.134222 -0.735788 1.756568 -1.613859 1.954173 0.000000 0.500000
0.138664 -0.739835 1.752175 -1.614301 1.951291 0.000000 0.500000
0.143115 -0.743859 1.747799 -1.614740 1.948346 0.000000 0.500000
0.147575 -0.747860 1.743443 -1.615175 1.945344 0.000000 0.500000
0.152044 -0.751837 1.739108 -1.615605 1.942284 0.000000 0.500000
0.156520 -0.755787 1.734796 -1.616032 1.939171 0.000000 0.500000
0.161003 -0.759711 1.730506 -1.616453 1.936006 0.000000 0.500000
0.165493 -0.763607 1.726242 -1.616869 1.932792 0.000000 0.500000
0.169988 -0.767474 1.722003 -1.617280 1.929530 0.000000 0.500000
0.174487 -0.771311 1.717793 -1.617684 1.926224 0.000000 0.500000
0.178991 -0.775116 1.713611 -1.618083 1.922876 0.000000 0.500000
0.183499 -0.778889 1.709459 -1.618474 1.919488 0.000000 0.500000
0.188010 -0.782628 1.705339 -1.618859 1.916062 0.000000 0.500000
0.192523 -0.786332 1.701252 -1.619236 1.912600 0.000000 0.500000
0.197037 -0.790001 1.697199 -1.619605 1.909106 0.000000 0.500000
0.201553 -0.793632 1.693181 -1.619966 1.905582 0.000000 0.500000
0.206069 -0.797226 1.689201 -1.620318 1.902029 0.000000 0.500000
0.210584 -0.800780 1.685258 -1.620662 1.898450 0.000000 0.500000
0.215099 -0.804294 1.681355 -1.620996 1.894847 0.000000 0.500000
0.219611 -0.807766 1.677493 -1.621321 1.891224 0.000000 0.500000
0.224122 -0.811196 1.673673 -1.621635 1.887582 0.000000 0.500000
0.228629 -0.814583 1.669897 -1.621939 1.883923 0.000000 0.500000
0.233133 -0.817924 1.666165 -1.622233 1.880250 0.000000 0.500000
0.237633 -0.821219 1.662480 -1.622515 1.876565 0.000000 0.500000
0.242127 -0.824468 1.658842 -1.622786 1.872871 0.000000 0.500000
0.246616 -0.827668 1.655253 -1.623045 1.869169 0.000000 0.500000
0.251099 -0.830819 1.651715 -1.623292 1.865463 0.000000 0.500000
0.255574 -0.833919 1.648228 -1.623526 1.861755 0.000000 0.500000
0.260042 -0.836968 1.644793 -1.623747 1.858047 0.000000 0.500000
0.264502 -0.839964 1.641413 -1.623955 1.854340 0.000000 0.500000
0.268953 -0.842907 1.638089 -1.624150 1.850639 0.000000 0.500000
0.273394 -0.845794 1.634821 -1.624330 1.846944 0.000000 0.500000
0.277825 -0.848625 1.631612 -1.624496 1.843259 0.000000 0.500000
0.282245 -0.851400 1.628462 -1.624647 1.839586 0.000000 0.500000
0.286653 -0.854116 1.625373 -1.624783 1.835926 0.000000 0.500000
0.291049 -0.856772 1.622346 -1.624903 1.832283 0.000000 0.500000
0.295432 -0.859368 1.619383 -1.625008 1.828659 0.000000 0.500000
0.299802 -0.861902 1.616485 -1.625096 1.825056 0.000000 0.500000
0.304158 -0.864374 1.613652 -1.625168 1.821476 0.000000 0.500000
0.308498 -0.866781 1.610888 -1.625222 1.817922 0.000000 0.500000
0.312823 -0.869124 1.608192 -1.625260 1.814396 0.000000 0.500000
0.317132 -0.871400 1.605567 -1.625279 1.810901 0.000000 0.500000
0.321424 -0.873609 1.603013 -1.625281 1.807438 0.000000 0.500000
0.325698 -0.875750 1.600532 -1.625264 1.804011 0.000000 0.500000
0.329954 -0.877821 1.598125 -1.625228 1.800621 0.000000 0.500000
0.334192 -0.879822 1.595794 -1.625173 1.797271 0.000000 0.500000
0.338410 -0.881751 1.593539 -1.625099 1.793963 0.000000 0.500000
0.342607 -0.883607 1.591363 -1.625005 1.790700 0.000000 0.500000
0.346784 -0.885389 1.589266 -1.624890 1.787484 0.000000 0.500000
0.350940 -0.887095 1.587251 -1.624755 1.784317 0.000000 0.500000
0.355073 -0.888726 1.585317 -1.624599 1.781202 0.000000 0.500000
0.359183 -0.890279 1.583467 -1.624421 1.778140 0.000000 0.500000
0.363270 -0.891754 1.581702 -1.624222 1.775135 0.000000 0.500000
0.367333 -0.893148 1.580023 -1.624000 1.772189 0.000000 0.500000
0.371371 -0.894463 1.578432 -1.623756 1.769303 0.000000 0.500000
0.375384 -0.895695 1.576930 -1.623489 1.766481 0.000000 0.500000
0.379370 -0.896844 1.575517 -1.623199 1.763725 0.000000 0.500000
0.383330 -0.897910 1.574197 -1.622886 1.761037 0.000000 0.500000
0.387262 -0.898890 1.572969 -1.622548 1.758419 0.000000 0.500000
0.391166 -0.899783 1.571836 -1.622186 1.755874 0.000000 0.500000
0.395041 -0.900590 1.570798 -1.621800 1.753404 0.000000 0.500000
0.398887 -0.901307 1.569857 -1.621388 1.751011 0.000000 0.500000
0.402703 -0.901935 1.569014 -1.620951 1.748698 0.000000 0.500000
0.406488 -0.902472 1.568271 -1.620488 1.746468 0.000000 0.500000
0.410242 -0.902917 1.567628 -1.620000 1.744322 0.000000 0.500000
0.413964 -0.903269 1.567088 -1.619484 1.742262 0.000000 0.500000
0.417653 -0.903526 1.566652 -1.618942 1.740292 0.000000 0.500000
0.421308 -0.903689 1.566320 -1.618372 1.738414 0.000000 0.500000
0.424930 -0.903755 1.566095 -1.617775 1.736629 0.000000 0.500000
0.428517 -0.903723 1.565977 -1.617150 1.734941 0.000000 0.500000
0.432068 -0.903593 1.565968 -1.616497 1.733351 0.000000 0.500000
0.435584 -0.903362 1.566069 -1.615814 1.731862 0.000000 0.500000
0.439062 -0.903031 1.566282 -1.615103 1.730476 0.000000 0.500000
0.442504 -0.902598 1.566608 -1.614363 1.729196 0.000000 0.500000
0.445907 -0.902061 1.567048 -1.613592 1.728024 0.000000 0.500000
0.449272 -0.901421 1.567604 -1.612791 1.726962 0.000000 0.500000
0.452598 -0.900674 1.568276 -1.611960 1.726013 0.000000 0.500000
0.455883 -0.899821 1.569067 -1.611098 1.725179 0.000000 0.500000
0.459128 -0.898861 1.569977 -1.610205 1.724463 0.000000 0.500000
0.462331 -0.897792 1.571008 -1.609280 1.723866 0.000000 0.500000
0.465493 -0.896612 1.572162 -1.608323 1.723391 0.000000 0.500000
0.468612 -0.895322 1.573439 -1.607333 1.723041 0.000000 0.500000
0.471687 -0.893919 1.574841 -1.606311 1.722817 0.000000 0.500000
0.474719 -0.892404 1.576369 -1.605256 1.722722 0.000000 0.500000
0.477706 -0.890773 1.578025 -1.604167 1.722759 0.000000 0.500000
0.480648 -0.889028 1.579809 -1.603045 1.722930 0.000000 0.500000
0.483544 -0.887165 1.581724 -1.601888 1.723237 0.000000 0.500000
0.486393 -0.885185 1.583771 -1.600696 1.723683 0.000000 0.500000
0.489195 -0.883085 1.585951 -1.599470 1.724269 0.000000 0.500000
0.491949 -0.880868 1.588262 -1.598209 1.724996 0.000000 0.500000
0.494656 -0.878534 1.590705 -1.596914 1.725862 0.000000 0.500000
0.497316 -0.876084 1.593276 -1.595586 1.726866 0.000000 0.500000
0.499927 -0.873522 1.595973 -1.594225 1.728004 0.000000 0.500000
0.502492 -0.870849 1.598795 -1.592833 1.729274 0.000000 0.500000
0.505008 -0.868067 1.601738 -1.591410 1.730676 0.000000 0.500000
0.507477 -0.865178 1.604802 -1.589957 1.732205 0.000000 0.500000
0.509899 -0.862184 1.607982 -1.588475 1.733861 0.000000 0.500000
0.512274 -0.859087 1.611279 -1.586965 1.735640 0.000000 0.500000
0.514600 -0.855889 1.614688 -1.585427 1.737541 0.000000 0.500000
0.516880 -0.852592 1.618209 -1.583862 1.739562 0.000000 0.500000
0.519112 -0.849198 1.621839 -1.582272 1.741700 0.000000 0.500000
0.521297 -0.845708 1.625576 -1.580656 1.743954 0.000000 0.500000
0.523435 -0.842125 1.629417 -1.579016 1.746320 0.000000 0.500000
0.525525 -0.838451 1.633361 -1.577352 1.748798 0.000000 0.500000
0.527568 -0.834688 1.637405 -1.575666 1.751384 0.000000 0.500000
0.529563 -0.830837 1.641548 -1.573958 1.754077 0.000000 0.500000
0.531512 -0.826901 1.645786 -1.572229 1.756874 0.000000 0.500000
0.533413 -0.822882 1.650119 -1.570479 1.759774 0.000000 0.500000
0.535267 -0.818780 1.654543 -1.568711 1.762774 0.000000 0.500000
0.537074 -0.814600 1.659056 -1.566923 1.765871 0.000000 0.500000
0.538834 -0.810342 1.663658 -1.565118 1.769065 0.000000 0.500000
0.540547 -0.806008 1.668344 -1.563295 1.772352 0.000000 0.500000
0.542212 -0.801601 1.673113 -1.561457 1.775730 0.000000 0.500000
0.543831 -0.797121 1.677964 -1.559603 1.779198 0.000000 0.500000
0.545403 -0.792573 1.682893 -1.557734 1.782752 0.000000 0.500000
0.546927 -0.787956 1.687899 -1.555851 1.786392 0.000000 0.500000
0.548405 -0.783274 1.692979 -1.553956 1.790115 0.000000 0.500000
0.549835 -0.778527 1.698132 -1.552048 1.793918 0.000000 0.500000
0.551219 -0.773719 1.703354 -1.550129 1.797799 0.000000 0.500000
0.552555 -0.768851 1.708645 -1.548200 1.801757 0.000000 0.500000
0.553845 -0.763925 1.714002 -1.546260 1.805789 0.000000 0.500000
0.555088 -0.758943 1.719422 -1.544312 1.809892 0.000000 0.500000
0.556284 -0.753907 1.724904 -1.542355 1.814066 0.000000 0.500000
0.557434 -0.748819 1.730445 -1.540391 1.818307 0.000000 0.500000
0.558536 -0.743681 1.736043 -1.538421 1.822613 0.000000 0.500000
0.559592 -0.738494 1.741696 -1.536445 1.826983 0.000000 0.500000
0.560601 -0.733262 1.747402 -1.534464 1.831414 0.000000 0.500000
0.561563 -0.727985 1.753159 -1.532479 1.835904 0.000000 0.500000
0.562478 -0.722666 1.758965 -1.530490 1.840450 0.000000 0.500000
0.563347 -0.717306 1.764816 -1.528499 1.845052 0.000000 0.500000
0.564169 -0.711908 1.770713 -1.526507 1.849705 0.000000 0.500000
0.564945 -0.706474 1.776651 -1.524513 1.854409 0.000000 0.500000
0.565673 -0.701005 1.782629 -1.522519 1.859161 0.000000 0.500000
0.566356 -0.695504 1.788645 -1.520526 1.863959 0.000000 0.500000
0.566991 -0.689972 1.794696 -1.518535 1.868800 0.000000 0.500000
0.567580 -0.684412 1.800781 -1.516546 1.873684 0.000000 0.500000
0.568123 -0.678825 1.806897 -1.514560 1.878606 0.000000 0.500000
0.568619 -0.673213 1.813042 -1.512578 1.883566 0.000000 0.500000
0.569069 -0.667579 1.819214 -1.510601 1.888561 0.000000 0.500000
0.569472 -0.661924 1.825412 -1.508630 1.893589 0.000000 0.500000
0.569829 -0.656250 1.831631 -1.506664 1.898647 0.000000 0.500000
0.570139 -0.650559 1.837871 -1.504706 1.903735 0.000000 0.500000
0.570403 -0.644854 1.844130 -1.502756 1.908848 0.000000 0.500000
0.570620 -0.639136 1.850405 -1.500815 1.913986 0.000000 0.500000
0.570792 -0.633406 1.856693 -1.498884 1.919146 0.000000 0.500000
0.570917 -0.627668 1.862994 -1.496963 1.924326 0.000000 0.500000
0.570995 -0.621923 1.869304 -1.495053 1.929524 0.000000 0.500000
0.571027 -0.616172 1.875622 -1.493155 1.934737 0.000000 0.500000
0.571014 -0.610419 1.881945 -1.491270 1.939964 0.000000 0.500000
0.570953 -0.604665 1.888271 -1.489398 1.945201 0.000000 0.500000
0.570847 -0.598911 1.894599 -1.487541 1.950448 0.000000 0.500000
0.570695 -0.593160 1.900925 -1.485700 1.955702 0.000000 0.500000
0.570496 -0.587414 1.907248 -1.483874 1.960961 0.000000 0.500000
0.570251 -0.581674 1.913566 -1.482065 1.966222 0.000000 0.500000
0.569960 -0.575943 1.919876 -1.480274 1.971484 0.000000 0.500000
0.569623 -0.570223 1.926176 -1.478502 1.976744 0.000000 0.500000
0.569240 -0.564515 1.932465 -1.476749 1.982000 0.000000 0.500000
0.568811 -0.558822 1.938739 -1.475016 1.987250 0.000000 0.500000
0.568336 -0.553146 1.944997 -1.473303 1.992491 0.000000 0.500000
0.567815 -0.547488 1.951237 -1.471613 1.997723 0.000000 0.500000
0.567248 -0.541850 1.957456 -1.469945 2.002941 0.000000 0.500000
0.566635 -0.536235 1.963653 -1.468300 2.008145 0.000000 0.500000
0.565976 -0.530644 1.969825 -1.466680 2.013332 0.000000 0.500000
0.565271 -0.525079 1.975970 -1.465085 2.018500 0.000000 0.500000
0.564520 -0.519543 1.982085 -1.463515 2.023647 0.000000 0.500000
0.563724 -0.514037 1.988169 -1.461972 2.028770 0.000000 0.500000
0.562881 -0.508563 1.994220 -1.460456 2.033868 0.000000 0.500000
0.561993 -0.503123 2.000235 -1.458968 2.038938 0.000000 0.500000
0.561059 -0.497719 2.006213 -1.457510 2.043977 0.000000 0.500000
0.560080 -0.492353 2.012150 -1.456081 2.048985 0.000000 0.500000
0.559054 -0.487028 2.018045 -1.454683 2.053959 0.000000 0.500000
0.557983 -0.481744 2.023896 -1.453316 2.058896 0.000000 0.500000
0.556866 -0.476504 2.029701 -1.451982 2.063795 0.000000 0.500000
0.555704 -0.471310 2.035457 -1.450680 2.068653 0.000000 0.500000
0.554495 -0.466164 2.041162 -1.449413 2.073468 0.000000 0.500000
0.553242 -0.461068 2.046814 -1.448180 2.078238 0.000000 0.500000
0.551942 -0.456024 2.052411 -1.446982 2.082960 0.000000 0.500000
0.550597 -0.451033 2.057951 -1.445821 2.087633 0.000000 0.500000
0.549207 -0.446098 2.063432 -1.444697 2.092255 0.000000 0.500000
0.547771 -0.441221 2.068851 -1.443610 2.096823 0.000000 0.500000
0.546289 -0.436403 2.074206 -1.442563 2.101335 0.000000 0.500000
0.544762 -0.431647 2.079496 -1.441555 2.105789 0.000000 0.500000
0.543190 -0.426955 2.084717 -1.440587 2.110182 0.000000 0.500000
0.541572 -0.422327 2.089868 -1.439660 2.114513 0.000000 0.500000
0.539908 -0.417768 2.094947 -1.438775 2.118780 0.000000 0.500000
0.538200 -0.413278 2.099952 -1.437933 2.122980 0.000000 0.500000
0.536445 -0.408859 2.104879 -1.437135 2.127111 0.000000 0.500000
0.534646 -0.404513 2.109728 -1.436381 2.131170 0.000000 0.500000
0.532801 -0.400243 2.114496 -1.435671 2.135157 0.000000 0.500000
0.530911 -0.396050 2.119181 -1.435008 2.139068 0.000000 0.500000
0.528976 -0.391937 2.123781 -1.434392 2.142902 0.000000 0.500000
0.526995 -0.387904 2.128293 -1.433823 2.146655 0.000000 0.500000
0.524970 -0.383955 2.132715 -1.433303 2.150327 0.000000 0.500000
0.522899 -0.380090 2.137046 -1.432832 2.153915 0.000000 0.500000
0.520782 -0.376313 2.141282 -1.432411 2.157416 0.000000 0.500000
0.518621 -0.372625 2.145423 -1.432040 2.160829 0.000000 0.500000
0.516415 -0.369028 2.149465 -1.431721 2.164152 0.000000 0.500000
0.514163 -0.365523 2.153407 -1.431455 2.167382 0.000000 0.500000
0.511866 -0.362114 2.157247 -1.431242 2.170516 0.000000 0.500000
0.509525 -0.358801 2.160981 -1.431083 2.173554 0.000000 0.500000
0.507138 -0.355587 2.164609 -1.430978 2.176492 0.000000 0.500000
0.504706 -0.352474 2.168128 -1.430930 2.179329 0.000000 0.500000
0.502229 -0.349464 2.171536 -1.430938 2.182063 0.000000 0.500000
0.499708 -0.346559 2.174830 -1.431003 2.184690 0.000000 0.500000
0.497141 -0.343760 2.178008 -1.431126 2.187210 0.000000 0.500000
0.494529 -0.341069 2.181070 -1.431308 2.189620 0.000000 0.500000
0.491873 -0.338490 2.184011 -1.431550 2.191917 0.000000 0.500000
0.489171 -0.336023 2.186829 -1.431852 2.194100 0.000000 0.500000
0.486425 -0.333670 2.189525 -1.432215 2.196166 0.000000 0.500000
0.483635 -0.331431 2.192095 -1.432640 2.198116 0.000000 0.500000
0.480800 -0.329307 2.194543 -1.433124 2.199951 0.000000 0.500000
0.477922 -0.327296 2.196867 -1.433667 2.201671 0.000000 0.500000
0.475001 -0.325396 2.199070 -1.434268 2.203279 0.000000 0.500000
0.472038 -0.323607 2.201153 -1.434925 2.204776 0.000000 0.500000
0.469033 -0.321929 2.203116 -1.435638 2.206163 0.000000 0.500000
0.465987 -0.320359 2.204960 -1.436405 2.207442 0.000000 0.500000
0.462901 -0.318897 2.206687 -1.437226 2.208613 0.000000 0.500000
0.459774 -0.317542 2.208298 -1.438099 2.209679 0.000000 0.500000
0.456608 -0.316292 2.209793 -1.439022 2.210641 0.000000 0.500000
0.453404 -0.315148 2.211173 -1.439996 2.211501 0.000000 0.500000
0.450161 -0.314108 2.212440 -1.441019 2.212259 0.000000 0.500000
0.446880 -0.313171 2.213594 -1.442089 2.212916 0.000000 0.500000
0.443562 -0.312336 2.214637 -1.443206 2.213476 0.000000 0.500000
0.440208 -0.311602 2.215569 -1.444368 2.213938 0.000000 0.500000
0.436817 -0.310969 2.216392 -1.445575 2.214304 0.000000 0.500000
0.433391 -0.310434 2.217106 -1.446825 2.214576 0.000000 0.500000
0.429931 -0.309998 2.217712 -1.448117 2.214755 0.000000 0.500000
0.426436 -0.309658 2.218212 -1.449450 2.214842 0.000000 0.500000
0.422907 -0.309415 2.218607 -1.450823 2.214839 0.000000 0.500000
0.419345 -0.309268 2.218897 -1.452235 2.214748 0.000000 0.500000
0.415750 -0.309214 2.219083 -1.453685 2.214568 0.000000 0.500000
0.412124 -0.309254 2.219167 -1.455172 2.214303 0.000000 0.500000
0.408466 -0.309386 2.219149 -1.456694 2.213953 0.000000 0.500000
0.404777 -0.309609 2.219031 -1.458250 2.213520 0.000000 0.500000
0.401058 -0.309923 2.218813 -1.459840 2.213006 0.000000 0.500000
0.397309 -0.310326 2.218497 -1.461462 2.212410 0.000000 0.500000
0.393530 -0.310817 2.218082 -1.463115 2.211736 0.000000 0.500000
0.389724 -0.311396 2.217572 -1.464799 2.210984 0.000000 0.500000
0.385889 -0.312061 2.216966 -1.466511 2.210155 0.000000 0.500000
0.382026 -0.312812 2.216265 -1.468250 2.209252 0.000000 0.500000
0.378137 -0.313647 2.215471 -1.470017 2.208276 0.000000 0.500000
0.374221 -0.314566 2.214584 -1.471809 2.207227 0.000000 0.500000
0.370280 -0.315567 2.213605 -1.473625 2.206108 0.000000 0.500000
0.366313 -0.316650 2.212536 -1.475465 2.204919 0.000000 0.500000
0.362322 -0.317813 2.211377 -1.477328 2.203663 0.000000 0.500000
0.358307 -0.319056 2.210130 -1.479211 2.202340 0.000000 0.500000
0.354268 -0.320378 2.208795 -1.481114 2.200951 0.000000 0.500000
0.350206 -0.321777 2.207374 -1.483036 2.199500 0.000000 0.500000
0.346121 -0.323253 2.205867 -1.484976 2.197986 0.000000 0.500000
0.342015 -0.324804 2.204275 -1.486933 2.196411 0.000000 0.500000
0.337888 -0.326431 2.202600 -1.488906 2.194776 0.000000 0.500000
0.333740 -0.328131 2.200842 -1.490892 2.193083 0.000000 0.500000
0.329572 -0.329903 2.199003 -1.492893 2.191334 0.000000 0.500000
0.325384 -0.331748 2.197083 -1.494905 2.189529 0.000000 0.500000
0.321177 -0.333663 2.195083 -1.496929 2.187671 0.000000 0.500000
0.316952 -0.335648 2.193005 -1.498963 2.185760 0.000000 0.500000
0.312709 -0.337702 2.190849 -1.501006 2.183797 0.000000 0.500000
0.308449 -0.339824 2.188616 -1.503056 2.181785 0.000000 0.500000
0.304172 -0.342013 2.186308 -1.505114 2.179725 0.000000 0.500000
0.299879 -0.344268 2.183925 -1.507177 2.177618 0.000000 0.500000
0.295571 -0.346587 2.181469 -1.509244 2.175465 0.000000 0.500000
0.291247 -0.348971 2.178940 -1.511315 2.173268 0.000000 0.500000
0.286909 -0.351417 2.176340 -1.513388 2.171028 0.000000 0.500000
0.282557 -0.353926 2.173668 -1.515463 2.168747 0.000000 0.500000
0.278192 -0.356496 2.170927 -1.517537 2.166426 0.000000 0.500000
0.273814 -0.359125 2.168118 -1.519611 2.164066 0.000000 0.500000
0.269424 -0.361814 2.165241 -1.521682 2.161669 0.000000 0.500000
0.265022 -0.364561 2.162297 -1.523750 2.159237 0.000000 0.500000
0.260609 -0.367365 2.159288 -1.525814 2.156770 0.000000 0.500000
0.256186 -0.370225 2.156213 -1.527873 2.154270 0.000000 0.500000
0.251753 -0.373140 2.153076 -1.529925 2.151738 0.000000 0.500000
0.247311 -0.376109 2.149875 -1.531969 2.149176 0.000000 0.500000
0.242859 -0.379132 2.146613 -1.534004 2.146585 0.000000 0.500000
0.238400 -0.382207 2.143291 -1.536030 2.143967 0.000000 0.500000
0.233933 -0.385333 2.139909 -1.538045 2.141323 0.000000 0.500000
0.229459 -0.388509 2.136468 -1.540047 2.138655 0.000000 0.500000
0.224978 -0.391735 2.132969 -1.542036 2.135963 0.000000 0.500000
0.220492 -0.395009 2.129414 -1.544011 2.133249 0.000000 0.500000
0.216000 -0.398331 2.125803 -1.545971 2.130515 0.000000 0.500000
0.211503 -0.401698 2.122137 -1.547914 2.127761 0.000000 0.500000
0.207002 -0.405111 2.118418 -1.549840 2.124991 0.000000 0.500000
0.202498 -0.408569 2.114646 -1.551747 2.122204 0.000000 0.500000
0.197990 -0.412070 2.110822 -1.553633 2.119402 0.000000 0.500000
0.193480 -0.415613 2.106948 -1.555499 2.116586 0.000000 0.500000
0.188968 -0.419198 2.103024 -1.557343 2.113759 0.000000 0.500000
0.184454 -0.422824 2.099052 -1.559164 2.110920 0.000000 0.500000
0.179940 -0.426489 2.095031 -1.560961 2.108073 0.000000 0.500000
0.175426 -0.430192 2.090964 -1.562732 2.105218 0.000000 0.500000
0.170911 -0.433934 2.086852 -1.564477 2.102356 0.000000 0.500000
0.166398 -0.437711 2.082694 -1.566194 2.099489 0.000000 0.500000
0.161886 -0.441525 2.078493 -1.567882 2.096619 0.000000 0.500000
0.157376 -0.445373 2.074250 -1.569541 2.093746 0.000000 0.500000
0.152869 -0.449254 2.069964 -1.571168 2.090872 0.000000 0.500000
0.148365 -0.453169 2.065638 -1.572764 2.087999 0.000000 0.500000
0.143864 -0.457115 2.061272 -1.574326 2.085127 0.000000 0.500000
0.139368 -0.461091 2.056868 -1.575855 2.082259 0.000000 0.500000
0.134877 -0.465098 2.052426 -1.577348 2.079396 0.000000 0.500000
0.130391 -0.469133 2.047947 -1.578804 2.076539 0.000000 0.500000
0.125911 -0.473196 2.043432 -1.580223 2.073689 0.000000 0.500000
0.121438 -0.477286 2.038883 -1.581603 2.070848 0.000000 0.500000
0.116972 -0.481402 2.034300 -1.582944 2.068017 0.000000 0.500000
0.112514 -0.485543 2.029684 -1.584243 2.065198 0.000000 0.500000
0.108063 -0.489708 2.025037 -1.585501 2.062392 0.000000 0.500000
0.103622 -0.493895 2.020358 -1.586716 2.059601 0.000000 0.500000
0.099190 -0.498105 2.015651 -1.587886 2.056825 0.000000 0.500000
0.094768 -0.502335 2.010914 -1.589011 2.054067 0.000000 0.500000
0.090357 -0.506585 2.006150 -1.590090 2.051327 0.000000 0.500000
0.085956 -0.510855 2.001359 -1.591121 2.048607 0.000000 0.500000
0.081568 -0.515142 1.996542 -1.592103 2.045909 0.000000 0.500000
0.077191 -0.519447 1.991700 -1.593036 2.043234 0.000000 0.500000
0.072828 -0.523767 1.986835 -1.593918 2.040582 0.000000 0.500000
0.068478 -0.528103 1.981947 -1.594748 2.037957 0.000000 0.500000
0.064141 -0.532453 1.977038 -1.595524 2.035358 0.000000 0.500000
0.059819 -0.536816 1.972107 -1.596247 2.032788 0.000000 0.500000
0.055513 -0.541191 1.967157 -1.596914 2.030248 0.000000 0.500000
0.051222 -0.545577 1.962188 -1.597525 2.027738 0.000000 0.500000
0.046947 -0.549974 1.957201 -1.598079 2.025262 0.000000 0.500000
0.042689 -0.554380 1.952198 -1.598574 2.022819 0.000000 0.500000
0.038448 -0.558794 1.947179 -1.599009 2.020412 0.000000 0.500000
0.034225 -0.563215 1.942145 -1.599383 2.018042 0.000000 0.500000
0.030021 -0.567642 1.937097 -1.599696 2.015709 0.000000 0.500000
0.025836 -0.572075 1.932037 -1.599945 2.013417 0.000000 0.500000
0.021670 -0.576513 1.926965 -1.600131 2.011165 0.000000 0.500000
0.017524 -0.580953 1.921882 -1.600251 2.008956 0.000000 0.500000
0.013400 -0.585397 1.916789 -1.600305 2.006790 0.000000 0.500000
0.009296 -0.589841 1.911688 -1.600291 2.004670 0.000000 0.500000
0.005215 -0.594286 1.906579 -1.600208 2.002596 0.000000 0.500000
0.001156 -0.598730 1.901463 -1.600056 2.000570 0.000000 0.500000
-0.002881 -0.603173 1.896341 -1.599834 1.998593 0.000000 0.500000
-0.006893 -0.607614 1.891214 -1.599541 1.996666 0.000000 0.500000
-0.010883 -0.612052 1.886083 -1.599178 1.994788 0.000000 0.500000
-0.014849 -0.616488 1.880948 -1.598747 1.992958 0.000000 0.500000
-0.018791 -0.620920 1.875810 -1.598248 1.991177 0.000000 0.500000
-0.022709 -0.625348 1.870669 -1.597682 1.989443 0.000000 0.500000
-0.026604 -0.629771 1.865526 -1.597050 1.987757 0.000000 0.500000
-0.030474 -0.634190 1.860381 -1.596354 1.986118 0.000000 0.500000
-0.034320 -0.638604 1.855236 -1.595593 1.984525 0.000000 0.500000
-0.038142 -0.643012 1.850090 -1.594769 1.982978 0.000000 0.500000
-0.041939 -0.647414 1.844945 -1.593883 1.981477 0.000000 0.500000
-0.045712 -0.651810 1.839801 -1.592935 1.980022 0.000000 0.500000
-0.049460 -0.656198 1.834659 -1.591928 1.978611 0.000000 0.500000
-0.053183 -0.660579 1.829518 -1.590860 1.977245 0.000000 0.500000
-0.056882 -0.664953 1.824381 -1.589734 1.975922 0.000000 0.500000
-0.060555 -0.669318 1.819246 -1.588551 1.974644 0.000000 0.500000
-0.064203 -0.673674 1.814116 -1.587310 1.973409 0.000000 0.500000
-0.067825 -0.678021 1.808991 -1.586014 1.972216 0.000000 0.500000
-0.071422 -0.682359 1.803870 -1.584662 1.971066 0.000000 0.500000
-0.074993 -0.686686 1.798756 -1.583257 1.969958 0.000000 0.500000
-0.078539 -0.691003 1.793647 -1.581799 1.968891 0.000000 0.500000
-0.082058 -0.695309 1.788546 -1.580288 1.967866 0.000000 0.500000
-0.085552 -0.699604 1.783453 -1.578726 1.966881 0.000000 0.500000
-0.089019 -0.703886 1.778367 -1.577114 1.965936 0.000000 0.500000
-0.092460 -0.708157 1.773291 -1.575452 1.965032 0.000000 0.500000
-0.095875 -0.712415 1.768224 -1.573741 1.964167 0.000000 0.500000
-0.099263 -0.716660 1.763167 -1.571983 1.963341 0.000000 0.500000
-0.102624 -0.720891 1.758120 -1.570179 1.962553 0.000000 0.500000
-0.105959 -0.725108 1.753085 -1.568328 1.961804 0.000000 0.500000
-0.109266 -0.729310 1.748062 -1.566432 1.961093 0.000000 0.500000
-0.112547 -0.733498 1.743051 -1.564493 1.960419 0.000000 0.500000
-0.115800 -0.737671 1.738053 -1.562510 1.959782 0.000000 0.500000
-0.119026 -0.741827 1.733069 -1.560485 1.959182 0.000000 0.500000
-0.122224 -0.745967 1.728099 -1.558419 1.958618 0.000000 0.500000
-0.125395 -0.750091 1.723144 -1.556312 1.958090 0.000000 0.500000
-0.128538 -0.754198 1.718204 -1.554166 1.957597 0.000000 0.500000
-0.131653 -0.758287 1.713281 -1.551982 1.957139 0.000000 0.500000
-0.134740 -0.762358 1.708374 -1.549759 1.956715 0.000000 0.500000
-0.137798 -0.766410 1.703484 -1.547500 1.956326 0.000000 0.500000
-0.140829 -0.770444 1.698612 -1.545206 1.955970 0.000000 0.500000
-0.143831 -0.774458 1.693759 -1.542876 1.955647 0.000000 0.500000
-0.146805 -0.778453 1.688925 -1.540512 1.955357 0.000000 0.500000
-0.149750 -0.782427 1.684110 -1.538116 1.955100 0.000000 0.500000
-0.152666 -0.786381 1.679316 -1.535687 1.954875 0.000000 0.500000
-0.155553 -0.790313 1.674543 -1.533227 1.954681 0.000000 0.500000
-0.158411 -0.794225 1.669791 -1.530736 1.954519 0.000000 0.500000
-0.161240 -0.798114 1.665061 -1.528216 1.954387 0.000000 0.500000
-0.164040 -0.801980 1.660354 -1.525668 1.954286 0.000000 0.500000
-0.166810 -0.805824 1.655671 -1.523092 1.954214 0.000000 0.500000
-0.169550 -0.809645 1.651011 -1.520489 1.954172 0.000000 0.500000
-0.172261 -0.813442 1.646375 -1.517861 1.954159 0.000000 0.500000
-0.174942 -0.817214 1.641765 -1.515207 1.954175 0.000000 0.500000
-0.177593 -0.820962 1.637181 -1.512530 1.954220 0.000000 0.500000
-0.180213 -0.824685 1.632622 -1.509829 1.954292 0.000000 0.500000
-0.182804 -0.828383 1.628091 -1.507107 1.954391 0.000000 0.500000
-0.185364 -0.832054 1.623587 -1.504363 1.954518 0.000000 0.500000
-0.187893 -0.835699 1.619112 -1.501599 1.954671 0.000000 0.500000
-0.190392 -0.839317 1.614665 -1.498815 1.954850 0.000000 0.500000
-0.192860 -0.842908 1.610247 -1.496013 1.955055 0.000000 0.500000
-0.195298 -0.846472 1.605860 -1.493194 1.955286 0.000000 0.500000
-0.197704 -0.850007 1.601503 -1.490357 1.955541 0.000000 0.500000
-0.200079 -0.853513 1.597177 -1.487505 1.955821 0.000000 0.500000
-0.202422 -0.856991 1.592883 -1.484639 1.956126 0.000000 0.500000
-0.204734 -0.860439 1.588621 -1.481758 1.956453 0.000000 0.500000
-0.207015 -0.863857 1.584392 -1.478864 1.956805 0.000000 0.500000
-0.209264 -0.867244 1.580197 -1.475958 1.957179 0.000000 0.500000
-0.211481 -0.870601 1.576035 -1.473041 1.957575 0.000000 0.500000
-0.213666 -0.873927 1.571909 -1.470113 1.957994 0.000000 0.500000
-0.215819 -0.877221 1.567818 -1.467177 1.958434 0.000000 0.500000
-0.217940 -0.880483 1.563763 -1.464231 1.958895 0.000000 0.500000
-0.220028 -0.883712 1.559744 -1.461278 1.959378 0.000000 0.500000
-0.222084 -0.886908 1.555763 -1.458319 1.959880 0.000000 0.500000
-0.224107 -0.890071 1.551820 -1.455354 1.960403 0.000000 0.500000
-0.226097 -0.893200 1.547915 -1.452384 1.960945 0.000000 0.500000
-0.228055 -0.896294 1.544048 -1.449410 1.961507 0.000000 0.500000
-0.229979 -0.899354 1.540222 -1.446433 1.962087 0.000000 0.500000
-0.231871 -0.902379 1.536435 -1.443454 1.962685 0.000000 0.500000
-0.233729 -0.905368 1.532690 -1.440473 1.963301 0.000000 0.500000
-0.235553 -0.908320 1.528986 -1.437493 1.963935 0.000000 0.500000
-0.237344 -0.911237 1.525324 -1.434513 1.964586 0.000000 0.500000
-0.239102 -0.914116 1.521704 -1.431535 1.965254 0.000000 0.500000
-0.240825 -0.916958 1.518128 -1.428559 1.965937 0.000000 0.500000
-0.242515 -0.919762 1.514595 -1.425586 1.966637 0.000000 0.500000
-0.244170 -0.922527 1.511107 -1.422618 1.967352 0.000000 0.500000
-0.245791 -0.925254 1.507664 -1.419655 1.968082 0.000000 0.500000
-0.247378 -0.927942 1.504267 -1.416698 1.968827 0.000000 0.500000
-0.248931 -0.930590 1.500915 -1.413749 1.969585 0.000000 0.500000
-0.250449 -0.933198 1.497611 -1.410807 1.970358 0.000000 0.500000
-0.251932 -0.935765 1.494354 -1.407874 1.971144 0.000000 0.500000
-0.253380 -0.938292 1.491145 -1.404950 1.971943 0.000000 0.500000
-0.254793 -0.940777 1.487985 -1.402038 1.972754 0.000000 0.500000
-0.256171 -0.943220 1.484874 -1.399137 1.973577 0.000000 0.500000
-0.257514 -0.945621 1.481813 -1.396248 1.974412 0.000000 0.500000
-0.258821 -0.947979 1.478802 -1.393373 1.975259 0.000000 0.500000
-0.260093 -0.950294 1.475842 -1.390512 1.976116 0.000000 0.500000
-0.261329 -0.952566 1.472934 -1.387667 1.976984 0.000000 0.500000
-0.262530 -0.954793 1.470078 -1.384838 1.977861 0.000000 0.500000
-0.263694 -0.956976 1.467275 -1.382025 1.978748 0.000000 0.500000
-0.264823 -0.959114 1.464526 -1.379231 1.979645 0.000000 0.500000
-0.265915 -0.961206 1.461831 -1.376455 1.980550 0.000000 0.500000
-0.266971 -0.963253 1.459190 -1.373699 1.981464 0.000000 0.500000
-0.267990 -0.965254 1.456604 -1.370964 1.982385 0.000000 0.500000
-0.268973 -0.967207 1.454075 -1.368251 1.983314 0.000000 0.500000
-0.269919 -0.969114 1.451602 -1.365560 1.984250 0.000000 0.500000
-0.270828 -0.970973 1.449186 -1.362893 1.985193 0.000000 0.500000
-0.271700 -0.972784 1.446828 -1.360249 1.986142 0.000000 0.500000
-0.272536 -0.974547 1.444528 -1.357632 1.987097 0.000000 0.500000
-0.273333 -0.976260 1.442287 -1.355040 1.988058 0.000000 0.500000
-0.274094 -0.977925 1.440105 -1.352475 1.989023 0.000000 0.500000
-0.274817 -0.979539 1.437983 -1.349939 1.989994 0.000000 0.500000
-0.275502 -0.981103 1.435923 -1.347431 1.990968 0.000000 0.500000
-0.276150 -0.982617 1.433923 -1.344953 1.991946 0.000000 0.500000
-0.276759 -0.984079 1.431986 -1.342506 1.992928 0.000000 0.500000
-0.277331 -0.985490 1.430111 -1.340090 1.993912 0.000000 0.500000
-0.277864 -0.986849 1.428299 -1.337707 1.994899 0.000000 0.500000
-0.278360 -0.988156 1.426551 -1.335358 1.995888 0.000000 0.500000
-0.278816 -0.989409 1.424867 -1.333042 1.996879 0.000000 0.500000
-0.279234 -0.990610 1.423248 -1.330762 1.997871 0.000000 0.500000
-0.279614 -0.991756 1.421694 -1.328519 1.998864 0.000000 0.500000
-0.279955 -0.992848 1.420207 -1.326312 1.999858 0.000000 0.500000
-0.280256 -0.993886 1.418787 -1.324144 2.000852 0.000000 0.500000
-0.280519 -0.994869 1.417433 -1.322014 2.001845 0.000000 0.500000
-0.280742 -0.995796 1.416148 -1.319924 2.002837 0.000000 0.500000
-0.280926 -0.996667 1.414931 -1.317875 2.003829 0.000000 0.500000
-0.281070 -0.997481 1.413784 -1.315868 2.004818 0.000000 0.500000
-0.281175 -0.998239 1.412706 -1.313903 2.005806 0.000000 0.500000
-0.281240 -0.998939 1.411699 -1.311981 2.006791 0.000000 0.500000
-0.281266 -0.999582 1.410762 -1.310104 2.007774 0.000000 0.500000
-0.281251 -1.000167 1.409897 -1.308273 2.008753 0.000000 0.500000
-0.281196 -1.000693 1.409105 -1.306487 2.009728 0.000000 0.500000
-0.281101 -1.001160 1.408385 -1.304749 2.010700 0.000000 0.500000
-0.280965 -1.001567 1.407738 -1.303059 2.011667 0.000000 0.500000
-0.280789 -1.001914 1.407165 -1.301417 2.012629 0.000000 0.500000
-0.280572 -1.002201 1.406667 -1.299826 2.013585 0.000000 0.500000
-0.280314 -1.002427 1.406245 -1.298285 2.014536 0.000000 0.500000
-0.280016 -1.002592 1.405897 -1.296796 2.015481 0.000000 0.500000
-0.279676 -1.002695 1.405627 -1.295360 2.016419 0.000000 0.500000
-0.279295 -1.002737 1.405433 -1.293977 2.017350 0.000000 0.500000
-0.278873 -1.002715 1.405317 -1.292649 2.018274 0.000000 0.500000
-0.278409 -1.002630 1.405279 -1.291376 2.019190 0.000000 0.500000
-0.277904 -1.002482 1.405320 -1.290159 2.020097 0.000000 0.500000
-0.277357 -1.002270 1.405441 -1.288999 2.020996 0.000000 0.500000
-0.276768 -1.001994 1.405641 -1.287897 2.021886 0.000000 0.500000
-0.276137 -1.001653 1.405922 -1.286855 2.022767 0.000000 0.500000
-0.275464 -1.001246 1.406284 -1.285872 2.023637 0.000000 0.500000
-0.274749 -1.000774 1.406728 -1.284950 2.024497 0.000000 0.500000
-0.273991 -1.000236 1.407255 -1.284090 2.025347 0.000000 0.500000
-0.273191 -0.999631 1.407864 -1.283292 2.026185 0.000000 0.500000
-0.272348 -0.998959 1.408557 -1.282558 2.027012 0.000000 0.500000
-0.271463 -0.998220 1.409335 -1.281888 2.027827 0.000000 0.500000
-0.270534 -0.997413 1.410197 -1.281284 2.028629 0.000000 0.500000
-0.269562 -0.996537 1.411144 -1.280746 2.029419 0.000000 0.500000
-0.268548 -0.995593 1.412178 -1.280275 2.030195 0.000000 0.500000
-0.267490 -0.994579 1.413298 -1.279872 2.030958 0.000000 0.500000
-0.266388 -0.993496 1.414506 -1.279539 2.031707 0.000000 0.500000
-0.265243 -0.992343 1.415801 -1.279275 2.032441 0.000000 0.500000
-0.264054 -0.991119 1.417185 -1.279082 2.033160 0.000000 0.500000
-0.262822 -0.989824 1.418658 -1.278961 2.033864 0.000000 0.500000
-0.261545 -0.988458 1.420221 -1.278912 2.034553 0.000000 0.500000
-0.260224 -0.987020 1.421874 -1.278937 2.035225 0.000000 0.500000
-0.258859 -0.985509 1.423617 -1.279037 2.035881 0.000000 0.500000
-0.257450 -0.983926 1.425453 -1.279211 2.036519 0.000000 0.500000
-0.255996 -0.982269 1.427380 -1.279463 2.037141 0.000000 0.500000
-0.254498 -0.980539 1.429400 -1.279791 2.037744 0.000000 0.500000
-0.252955 -0.978735 1.431513 -1.280197 2.038330 0.000000 0.500000
-0.251366 -0.976857 1.433720 -1.280683 2.038896 0.000000 0.500000
-0.249733 -0.974903 1.436022 -1.281248 2.039444 0.000000 0.500000
-0.248055 -0.972874 1.438419 -1.281895 2.039972 0.000000 0.500000
-0.246331 -0.970769 1.440911 -1.282623 2.040481 0.000000 0.500000
-0.244562 -0.968588 1.443500 -1.283433 2.040969 0.000000 0.500000
-0.242748 -0.966330 1.446186 -1.284328 2.041436 0.000000 0.500000
-0.240888 -0.963995 1.448969 -1.285307 2.041883 0.000000 0.500000
-0.238982 -0.961582 1.451850 -1.286371 2.042307 0.000000 0.500000
-0.237030 -0.959092 1.454830 -1.287521 2.042710 0.000000 0.500000
-0.235032 -0.956523 1.457909 -1.288759 2.043091 0.000000 0.500000
-0.232987 -0.953874 1.461088 -1.290085 2.043449 0.000000 0.500000
-0.230897 -0.951147 1.464368 -1.291500 2.043783 0.000000 0.500000
-0.228759 -0.948340 1.467749 -1.293005 2.044094 0.000000 0.500000
-0.226576 -0.945452 1.471232 -1.294601 2.044381 0.000000 0.500000
-0.224345 -0.942484 1.474817 -1.296289 2.044644 0.000000 0.500000
-0.222068 -0.939434 1.478504 -1.298069 2.044881 0.000000 0.500000
-0.219744 -0.936303 1.482296 -1.299943 2.045094 0.000000 0.500000
-0.217372 -0.933090 1.486191 -1.301911 2.045281 0.000000 0.500000
-0.214953 -0.929795 1.490192 -1.303975 2.045441 0.000000 0.500000
-0.212487 -0.926416 1.494297 -1.306136 2.045575 0.000000 0.500000
-0.209974 -0.922954 1.498509 -1.308393 2.045683 0.000000 0.500000
-0.207412 -0.919409 1.502827 -1.310749 2.045763 0.000000 0.500000
-0.204803 -0.915779 1.507252 -1.313204 2.045815 0.000000 0.500000
-0.202146 -0.912064 1.511785 -1.315759 2.045839 0.000000 0.500000
-0.199441 -0.908265 1.516427 -1.318414 2.045834 0.000000 0.500000
-0.196688 -0.904380 1.521177 -1.321172 2.045801 0.000000 0.500000
-0.193886 -0.900409 1.526037 -1.324032 2.045738 0.000000 0.500000
-0.191036 -0.896351 1.531008 -1.326996 2.045645 0.000000 0.500000
-0.188137 -0.892206 1.536088 -1.330064 2.045522 0.000000 0.500000
-0.185190 -0.887975 1.541281 -1.333238 2.045368 0.000000 0.500000
-0.182194 -0.883655 1.546585 -1.336519 2.045184 0.000000 0.500000
-0.179149 -0.879247 1.552002 -1.339906 2.044967 0.000000 0.500000
-0.176054 -0.874751 1.557532 -1.343402 2.044719 0.000000 0.500000
-0.172911 -0.870165 1.563176 -1.347007 2.044439 0.000000 0.500000
-0.169718 -0.865490 1.568934 -1.350722 2.044126 0.000000 0.500000
-0.166475 -0.860725 1.574808 -1.354548 2.043780 0.000000 0.500000
-0.163183 -0.855870 1.580797 -1.358485 2.043400 0.000000 0.500000
-0.159842 -0.850923 1.586902 -1.362536 2.042986 0.000000 0.500000
-0.156450 -0.845886 1.593124 -1.366700 2.042538 0.000000 0.500000
-0.153008 -0.840756 1.599463 -1.370979 2.042055 0.000000 0.500000
-0.149516 -0.835535 1.605920 -1.375373 2.041537 0.000000 0.500000
-0.145974 -0.830220 1.612496 -1.379883 2.040983 0.000000 0.500000
-0.142381 -0.824813 1.619192 -1.384511 2.040393 0.000000 0.500000
-0.138738 -0.819312 1.626007 -1.389257 2.039766 0.000000 0.500000
-0.135044 -0.813718 1.632942 -1.394123 2.039103 0.000000 0.500000
-0.131299 -0.808029 1.639999 -1.399108 2.038403 0.000000 0.500000
-0.127504 -0.802245 1.647177 -1.404214 2.037664 0.000000 0.500000
-0.123657 -0.796366 1.654477 -1.409442 2.036888 0.000000 0.500000
-0.119759 -0.790391 1.661900 -1.414793 2.036073 0.000000 0.500000
-0.115809 -0.784320 1.669447 -1.420268 2.035219 0.000000 0.500000
-0.111809 -0.778152 1.677118 -1.425867 2.034326 0.000000 0.500000
-0.107756 -0.771887 1.684913 -1.431592 2.033393 0.000000 0.500000
-0.103652 -0.765525 1.692834 -1.437443 2.032420 0.000000 0.500000
-0.099496 -0.759065 1.700880 -1.443422 2.031406 0.000000 0.500000
-0.095288 -0.752506 1.709053 -1.449528 2.030351 0.000000 0.500000
-0.091027 -0.745849 1.717353 -1.455764 2.029255 0.000000 0.500000
-0.086715 -0.739093 1.725781 -1.462130 2.028117 0.000000 0.500000
-0.082350 -0.732236 1.734337 -1.468627 2.026937 0.000000 0.500000
-0.077932 -0.725280 1.743022 -1.475256 2.025713 0.000000 0.500000
-0.073462 -0.718223 1.751836 -1.482018 2.024447 0.000000 0.500000
-0.068939 -0.711065 1.760781 -1.488913 2.023138 0.000000 0.500000
-0.064363 -0.703806 1.769856 -1.495943 2.021784 0.000000 0.500000
-0.059735 -0.696444 1.779062 -1.503109 2.020386 0.000000 0.500000
-0.055052 -0.688981 1.788401 -1.510411 2.018943 0.000000 0.500000
-0.050317 -0.681414 1.797872 -1.517850 2.017455 0.000000 0.500000
-0.045528 -0.673745 1.807476 -1.525428 2.015922 0.000000 0.500000
-0.040685 -0.665971 1.817213 -1.533145 2.014342 0.000000 0.500000
-0.035789 -0.658094 1.827085 -1.541002 2.012716 0.000000 0.500000
-0.030839 -0.650112 1.837092 -1.549000 2.011044 0.000000 0.500000
-0.025835 -0.642025 1.847234 -1.557140 2.009323 0.000000 0.500000
-0.020777 -0.633833 1.857513 -1.565422 2.007556 0.000000 0.500000
-0.015664 -0.625534 1.867928 -1.573849 2.005740 0.000000 0.500000
-0.010497 -0.617130 1.878481 -1.582420 2.003876 0.000000 0.500000
-0.005276 -0.608619 1.889171 -1.591137 2.001963 0.000000 0.500000
0.000000 -0.600000 1.900000 -1.600000 2.000000 0.000000 0.500000
