-0.000000 -0.600000 1.900000 -1.600000 2.000000 0.000000 0.500000
-0.014786 -0.574473 1.921026 -1.601299 1.932006 0.000000 0.500000
-0.029070 -0.550120 1.941195 -1.602466 1.868543 0.000000 0.500000
-0.042852 -0.526923 1.960515 -1.603504 1.809497 0.000000 0.500000
-0.056132 -0.504868 1.978992 -1.604419 1.754753 0.000000 0.500000
-0.068910 -0.483938 1.996635 -1.605216 1.704195 0.000000 0.500000
-0.081186 -0.464118 2.013450 -1.605898 1.657709 0.000000 0.500000
-0.092960 -0.445392 2.029446 -1.606470 1.615178 0.000000 0.500000
-0.104231 -0.427744 2.044628 -1.606937 1.576488 0.000000 0.500000
-0.115000 -0.411159 2.059005 -1.607304 1.541524 0.000000 0.500000
-0.125267 -0.395620 2.072585 -1.607575 1.510170 0.000000 0.500000
-0.135031 -0.381111 2.085373 -1.607755 1.482312 0.000000 0.500000
-0.144293 -0.367617 2.097378 -1.607847 1.457833 0.000000 0.500000
-0.153052 -0.355123 2.108607 -1.607858 1.436620 0.000000 0.500000
-0.161308 -0.343612 2.119067 -1.607791 1.418556 0.000000 0.500000
-0.169062 -0.333068 2.128766 -1.607652 1.403527 0.000000 0.500000
-0.176313 -0.323476 2.137711 -1.607443 1.391417 0.000000 0.500000
-0.183061 -0.314820 2.145909 -1.607172 1.382111 0.000000 0.500000
-0.189306 -0.307084 2.153368 -1.606841 1.375495 0.000000 0.500000
-0.195048 -0.300252 2.160094 -1.606455 1.371452 0.000000 0.500000
-0.200287 -0.294309 2.166097 -1.606019 1.369868 0.000000 0.500000
-0.205023 -0.289238 2.171381 -1.605538 1.370627 0.000000 0.500000
-0.209256 -0.285025 2.175956 -1.605017 1.373615 0.000000 0.500000
-0.212986 -0.281652 2.179828 -1.604459 1.378716 0.000000 0.500000
-0.216212 -0.279105 2.183005 -1.603869 1.385814 0.000000 0.500000
-0.218935 -0.277367 2.185494 -1.603252 1.394796 0.000000 0.500000
-0.221155 -0.276422 2.187302 -1.602613 1.405545 0.000000 0.500000
-0.222871 -0.276256 2.188437 -1.601956 1.417946 0.000000 0.500000
-0.224084 -0.276852 2.188905 -1.601286 1.431885 0.000000 0.500000
-0.224793 -0.278193 2.188716 -1.600607 1.447245 0.000000 0.500000
-0.224998 -0.280266 2.187875 -1.599924 1.463913 0.000000 0.500000
-0.224700 -0.283053 2.186390 -1.599242 1.481772 0.000000 0.500000
-0.223897 -0.286539 2.184268 -1.598564 1.500708 0.000000 0.500000
-0.222591 -0.290708 2.181517 -1.597897 1.520605 0.000000 0.500000
-0.220781 -0.295544 2.178144 -1.597243 1.541348 0.000000 0.500000
-0.218467 -0.301031 2.174157 -1.596609 1.562822 0.000000 0.500000
-0.215649 -0.307155 2.169562 -1.595998 1.584911 0.000000 0.500000
-0.212327 -0.313898 2.164367 -1.595415 1.607502 0.000000 0.500000
-0.208501 -0.321245 2.158580 -1.594864 1.630477 0.000000 0.500000
-0.204170 -0.329180 2.152208 -1.594351 1.653723 0.000000 0.500000
-0.199335 -0.337688 2.145258 -1.593880 1.677124 0.000000 0.500000
-0.193996 -0.346752 2.137737 -1.593455 1.700565 0.000000 0.500000
-0.188153 -0.356358 2.129652 -1.593081 1.723930 0.000000 0.500000
-0.181804 -0.366488 2.121012 -1.592763 1.747105 0.000000 0.500000
-0.174952 -0.377127 2.111824 -1.592505 1.769975 0.000000 0.500000
-0.167595 -0.388260 2.102094 -1.592311 1.792423 0.000000 0.500000
-0.159733 -0.399871 2.091830 -1.592187 1.814336 0.000000 0.500000
-0.151366 -0.411943 2.081040 -1.592137 1.835597 0.000000 0.500000
-0.142494 -0.424462 2.069731 -1.592166 1.856091 0.000000 0.500000
-0.133118 -0.437410 2.057910 -1.592278 1.875705 0.000000 0.500000
-0.123236 -0.450773 2.045584 -1.592477 1.894321 0.000000 0.500000
-0.112850 -0.464535 2.032761 -1.592769 1.911825 0.000000 0.500000
-0.101959 -0.478679 2.019448 -1.593158 1.928103 0.000000 0.500000
-0.090562 -0.493190 2.005653 -1.593648 1.943038 0.000000 0.500000
-0.078660 -0.508053 1.991383 -1.594244 1.956515 0.000000 0.500000
-0.066253 -0.523251 1.976644 -1.594951 1.968420 0.000000 0.500000
-0.053342 -0.538768 1.961447 -1.595773 1.978640 0.000000 0.500000
-0.039925 -0.554587 1.945797 -1.596714 1.987063 0.000000 0.500000
-0.026002 -0.570697 1.929699 -1.597781 1.993556 0.000000 0.500000
-0.011569 -0.587084 1.913155 -1.598979 1.997993 0.000000 0.500000
0.003367 -0.603725 1.896184 -1.600310 2.000294 0.000000 0.500000
0.018790 -0.620580 1.878825 -1.601767 2.000451 0.000000 0.500000
0.034668 -0.637593 1.861143 -1.603333 1.998544 0.000000 0.500000
0.050961 -0.654693 1.843222 -1.604988 1.994714 0.000000 0.500000
0.067624 -0.671802 1.825154 -1.606707 1.989131 0.000000 0.500000
0.084613 -0.688846 1.807029 -1.608465 1.981954 0.000000 0.500000
0.101886 -0.705753 1.788931 -1.610241 1.973330 0.000000 0.500000
0.119401 -0.722451 1.770947 -1.612011 1.963408 0.000000 0.500000
0.137116 -0.738867 1.753164 -1.613752 1.952341 0.000000 0.500000
0.154988 -0.754927 1.735668 -1.615442 1.940278 0.000000 0.500000
0.172976 -0.770559 1.718546 -1.617057 1.927372 0.000000 0.500000
0.191037 -0.785690 1.701884 -1.618575 1.913773 0.000000 0.500000
0.209128 -0.800247 1.685769 -1.619972 1.899632 0.000000 0.500000
0.227207 -0.814158 1.670289 -1.621226 1.885102 0.000000 0.500000
0.245232 -0.827348 1.655529 -1.622314 1.870332 0.000000 0.500000
0.263160 -0.839747 1.641576 -1.623213 1.855475 0.000000 0.500000
0.280950 -0.851279 1.628517 -1.623899 1.840682 0.000000 0.500000
0.298558 -0.861873 1.616439 -1.624351 1.826103 0.000000 0.500000
0.315943 -0.871456 1.605428 -1.624544 1.811890 0.000000 0.500000
0.333062 -0.879955 1.595571 -1.624456 1.798194 0.000000 0.500000
0.349873 -0.887297 1.586955 -1.624064 1.785166 0.000000 0.500000
0.366334 -0.893409 1.579665 -1.623345 1.772958 0.000000 0.500000
0.382401 -0.898218 1.573790 -1.622276 1.761720 0.000000 0.500000
0.398033 -0.901651 1.569416 -1.620835 1.751604 0.000000 0.500000
0.413188 -0.903635 1.566628 -1.618997 1.742762 0.000000 0.500000
0.427823 -0.904099 1.565515 -1.616741 1.735344 0.000000 0.500000
0.441896 -0.902970 1.566159 -1.614044 1.729496 0.000000 0.500000
0.455365 -0.900178 1.568646 -1.610884 1.725371 0.000000 0.500000
0.468185 -0.895636 1.573079 -1.607232 1.723138 0.000000 0.500000
0.480313 -0.889264 1.579551 -1.603064 1.722958 0.000000 0.500000
0.491712 -0.881020 1.588114 -1.598367 1.724937 0.000000 0.500000
0.502360 -0.870923 1.598752 -1.593152 1.729096 0.000000 0.500000
0.512245 -0.859051 1.611379 -1.587450 1.735368 0.000000 0.500000
0.521370 -0.845529 1.625857 -1.581309 1.743618 0.000000 0.500000
0.529736 -0.830499 1.642028 -1.574784 1.753686 0.000000 0.500000
0.537346 -0.814096 1.659745 -1.567927 1.765427 0.000000 0.500000
0.544198 -0.796443 1.678871 -1.560784 1.778709 0.000000 0.500000
0.550295 -0.777667 1.699265 -1.553406 1.793391 0.000000 0.500000
0.555635 -0.757898 1.720785 -1.545842 1.809337 0.000000 0.500000
0.560220 -0.737263 1.743290 -1.538141 1.826407 0.000000 0.500000
0.564050 -0.715890 1.766637 -1.530354 1.844462 0.000000 0.500000
0.567126 -0.693909 1.790685 -1.522528 1.863363 0.000000 0.500000
0.569448 -0.671447 1.815293 -1.514715 1.882971 0.000000 0.500000
0.571017 -0.648632 1.840319 -1.506962 1.903148 0.000000 0.500000
0.571833 -0.625593 1.865621 -1.499321 1.923754 0.000000 0.500000
0.571897 -0.602458 1.891057 -1.491840 1.944652 0.000000 0.500000
0.571209 -0.579356 1.916486 -1.484568 1.965701 0.000000 0.500000
0.569770 -0.556414 1.941766 -1.477556 1.986764 0.000000 0.500000
0.567581 -0.533761 1.966755 -1.470853 2.007701 0.000000 0.500000
0.564641 -0.511525 1.991313 -1.464507 2.028373 0.000000 0.500000
0.560952 -0.489835 2.015296 -1.458570 2.048642 0.000000 0.500000
0.556513 -0.468819 2.038563 -1.453089 2.068368 0.000000 0.500000
0.551327 -0.448604 2.060973 -1.448115 2.087413 0.000000 0.500000
0.545392 -0.429320 2.082385 -1.443697 2.105639 0.000000 0.500000
0.538710 -0.411094 2.102655 -1.439885 2.122905 0.000000 0.500000
0.531281 -0.394055 2.121643 -1.436727 2.139074 0.000000 0.500000
0.523106 -0.378328 2.139212 -1.434272 2.154010 0.000000 0.500000
0.514186 -0.364042 2.155216 -1.432570 2.167573 0.000000 0.500000
0.504518 -0.351339 2.169501 -1.431677 2.179609 0.000000 0.500000
0.494102 -0.340351 2.181921 -1.431646 2.189975 0.000000 0.500000
0.482947 -0.331169 2.192373 -1.432505 2.198573 0.000000 0.500000
0.471071 -0.323828 2.200820 -1.434251 2.205373 0.000000 0.500000
0.458507 -0.318298 2.207289 -1.436845 2.210414 0.000000 0.500000
0.445294 -0.314509 2.211854 -1.440225 2.213783 0.000000 0.500000
0.431476 -0.312377 2.214604 -1.444322 2.215583 0.000000 0.500000
0.417094 -0.311828 2.215615 -1.449073 2.215903 0.000000 0.500000
0.402187 -0.312798 2.214958 -1.454417 2.214827 0.000000 0.500000
0.386795 -0.315214 2.212706 -1.460293 2.212440 0.000000 0.500000
0.370958 -0.319009 2.208931 -1.466641 2.208830 0.000000 0.500000
0.354717 -0.324110 2.203708 -1.473397 2.204083 0.000000 0.500000
0.338112 -0.330449 2.197110 -1.480500 2.198285 0.000000 0.500000
0.321183 -0.337955 2.189211 -1.487889 2.191524 0.000000 0.500000
0.303970 -0.346558 2.180084 -1.495502 2.183886 0.000000 0.500000
0.286514 -0.356188 2.169802 -1.503277 2.175458 0.000000 0.500000
0.268855 -0.366775 2.158440 -1.511153 2.166327 0.000000 0.500000
0.251032 -0.378248 2.146070 -1.519067 2.156579 0.000000 0.500000
0.233087 -0.390538 2.132766 -1.526959 2.146301 0.000000 0.500000
0.215059 -0.403574 2.118603 -1.534766 2.135580 0.000000 0.500000
0.196989 -0.417287 2.103652 -1.542426 2.124502 0.000000 0.500000
0.178916 -0.431605 2.087989 -1.549879 2.113154 0.000000 0.500000
0.160882 -0.446460 2.071685 -1.557062 2.101623 0.000000 0.500000
0.142926 -0.461781 2.054816 -1.563914 2.089995 0.000000 0.500000
0.125088 -0.477497 2.037454 -1.570373 2.078358 0.000000 0.500000
0.107409 -0.493540 2.019674 -1.576378 2.066798 0.000000 0.500000
0.089929 -0.509837 2.001547 -1.581865 2.055402 0.000000 0.500000
0.072688 -0.526320 1.983149 -1.586775 2.044255 0.000000 0.500000
0.055725 -0.542920 1.964551 -1.591047 2.033444 0.000000 0.500000
0.039082 -0.559566 1.945827 -1.594618 2.023056 0.000000 0.500000
0.022802 -0.576182 1.927057 -1.597421 2.013185 0.000000 0.500000
0.006924 -0.592699 1.908314 -1.599393 2.003918 0.000000 0.500000
-0.008520 -0.609060 1.889656 -1.600490 1.995321 0.000000 0.500000
-0.023513 -0.625231 1.871122 -1.600696 1.987427 0.000000 0.500000
-0.038053 -0.641198 1.852729 -1.600015 1.980240 0.000000 0.500000
-0.052145 -0.656959 1.834479 -1.598474 1.973745 0.000000 0.500000
-0.065797 -0.672518 1.816374 -1.596099 1.967920 0.000000 0.500000
-0.079014 -0.687873 1.798417 -1.592915 1.962749 0.000000 0.500000
-0.091801 -0.703021 1.780615 -1.588941 1.958220 0.000000 0.500000
-0.104163 -0.717959 1.762970 -1.584200 1.954318 0.000000 0.500000
-0.116105 -0.732687 1.745489 -1.578715 1.951029 0.000000 0.500000
-0.127631 -0.747202 1.728176 -1.572509 1.948339 0.000000 0.500000
-0.138747 -0.761502 1.711035 -1.565603 1.946232 0.000000 0.500000
-0.149458 -0.775585 1.694072 -1.558020 1.944695 0.000000 0.500000
-0.159768 -0.789449 1.677290 -1.549782 1.943713 0.000000 0.500000
-0.169683 -0.803092 1.660694 -1.540913 1.943271 0.000000 0.500000
-0.179208 -0.816513 1.644290 -1.531434 1.943355 0.000000 0.500000
-0.188347 -0.829709 1.628081 -1.521367 1.943950 0.000000 0.500000
-0.197107 -0.842678 1.612072 -1.510737 1.945043 0.000000 0.500000
-0.205491 -0.855419 1.596268 -1.499564 1.946617 0.000000 0.500000
-0.213504 -0.867929 1.580673 -1.487871 1.948660 0.000000 0.500000
-0.221153 -0.880207 1.565292 -1.475681 1.951155 0.000000 0.500000
-0.228441 -0.892251 1.550130 -1.463016 1.954090 0.000000 0.500000
-0.235373 -0.904058 1.535191 -1.449898 1.957449 0.000000 0.500000
-0.241956 -0.915627 1.520480 -1.436351 1.961218 0.000000 0.500000
-0.248193 -0.926956 1.506002 -1.422396 1.965382 0.000000 0.500000
-0.254090 -0.938042 1.491760 -1.408056 1.969927 0.000000 0.500000
-0.259652 -0.948885 1.477761 -1.393354 1.974838 0.000000 0.500000
-0.264883 -0.959481 1.464007 -1.378311 1.980101 0.000000 0.500000
-0.269789 -0.969829 1.450504 -1.362950 1.985702 0.000000 0.500000
-0.274375 -0.979928 1.437257 -1.347295 1.991625 0.000000 0.500000
-0.278646 -0.989774 1.424270 -1.331366 1.997857 0.000000 0.500000
-0.282606 -0.999367 1.411548 -1.315187 2.004382 0.000000 0.500000
-0.286261 -1.008704 1.399095 -1.298781 2.011187 0.000000 0.500000
-0.289616 -1.017783 1.386916 -1.282168 2.018257 0.000000 0.500000
-0.292675 -1.026602 1.375016 -1.265373 2.025576 0.000000 0.500000
-0.295444 -1.035160 1.363399 -1.248417 2.033132 0.000000 0.500000
-0.297928 -1.043454 1.352070 -1.231324 2.040909 0.000000 0.500000
-0.300132 -1.051483 1.341033 -1.214114 2.048893 0.000000 0.500000
-0.302060 -1.059244 1.330293 -1.196811 2.057069 0.000000 0.500000
-0.303719 -1.066736 1.319855 -1.179438 2.065423 0.000000 0.500000
-0.305111 -1.073956 1.309723 -1.162016 2.073940 0.000000 0.500000
-0.306244 -1.080903 1.299902 -1.144568 2.082606 0.000000 0.500000
-0.307121 -1.087575 1.290396 -1.127117 2.091407 0.000000 0.500000
-0.307748 -1.093969 1.281211 -1.109685 2.100327 0.000000 0.500000
-0.308130 -1.100085 1.272350 -1.092295 2.109352 0.000000 0.500000
-0.308272 -1.105919 1.263819 -1.074968 2.118468 0.000000 0.500000
-0.308178 -1.111471 1.255622 -1.057728 2.127660 0.000000 0.500000
-0.307854 -1.116737 1.247763 -1.040597 2.136915 0.000000 0.500000
-0.307305 -1.121716 1.240247 -1.023597 2.146216 0.000000 0.500000
-0.306536 -1.126407 1.233079 -1.006750 2.155550 0.000000 0.500000
-0.305551 -1.130806 1.226263 -0.990080 2.164903 0.000000 0.500000
-0.304356 -1.134913 1.219805 -0.973609 2.174259 0.000000 0.500000
-0.302956 -1.138726 1.213708 -0.957359 2.183604 0.000000 0.500000
-0.301355 -1.142241 1.207977 -0.941352 2.192925 0.000000 0.500000
-0.299560 -1.145458 1.202618 -0.925611 2.202205 0.000000 0.500000
-0.297574 -1.148374 1.197633 -0.910159 2.211431 0.000000 0.500000
-0.295403 -1.150988 1.193029 -0.895018 2.220589 0.000000 0.500000
-0.293051 -1.153298 1.188809 -0.880210 2.229663 0.000000 0.500000
-0.290525 -1.155300 1.184979 -0.865757 2.238640 0.000000 0.500000
-0.287828 -1.156995 1.181543 -0.851684 2.247504 0.000000 0.500000
-0.284966 -1.158379 1.178505 -0.838010 2.256241 0.000000 0.500000
-0.281943 -1.159452 1.175870 -0.824760 2.264837 0.000000 0.500000
-0.278766 -1.160210 1.173643 -0.811956 2.273278 0.000000 0.500000
-0.275438 -1.160651 1.171828 -0.799619 2.281548 0.000000 0.500000
-0.271965 -1.160775 1.170431 -0.787774 2.289633 0.000000 0.500000
-0.268352 -1.160579 1.169455 -0.776441 2.297519 0.000000 0.500000
-0.264603 -1.160060 1.168905 -0.765643 2.305192 0.000000 0.500000
-0.260724 -1.159218 1.168786 -0.755404 2.312636 0.000000 0.500000
-0.256720 -1.158050 1.169102 -0.745744 2.319837 0.000000 0.500000
-0.252596 -1.156554 1.169859 -0.736688 2.326781 0.000000 0.500000
-0.248357 -1.154729 1.171060 -0.728256 2.333453 0.000000 0.500000
-0.244007 -1.152571 1.172710 -0.720473 2.339839 0.000000 0.500000
-0.239552 -1.150080 1.174814 -0.713359 2.345924 0.000000 0.500000
-0.234997 -1.147254 1.177377 -0.706938 2.351693 0.000000 0.500000
-0.230347 -1.144090 1.180403 -0.701232 2.357133 0.000000 0.500000
-0.225606 -1.140586 1.183897 -0.696264 2.362229 0.000000 0.500000
-0.220780 -1.136741 1.187862 -0.692055 2.366965 0.000000 0.500000
-0.215874 -1.132553 1.192305 -0.688629 2.371329 0.000000 0.500000
-0.210893 -1.128019 1.197230 -0.686008 2.375304 0.000000 0.500000
-0.205842 -1.123138 1.202640 -0.684213 2.378878 0.000000 0.500000
-0.200725 -1.117908 1.208542 -0.683269 2.382034 0.000000 0.500000
-0.195548 -1.112327 1.214939 -0.683197 2.384759 0.000000 0.500000
-0.190316 -1.106392 1.221835 -0.684019 2.387039 0.000000 0.500000
-0.185034 -1.100103 1.229237 -0.685759 2.388858 0.000000 0.500000
-0.179707 -1.093456 1.237147 -0.688438 2.390202 0.000000 0.500000
-0.174339 -1.086451 1.245572 -0.692079 2.391057 0.000000 0.500000
-0.168936 -1.079084 1.254515 -0.696704 2.391407 0.000000 0.500000
-0.163503 -1.071355 1.263981 -0.702336 2.391240 0.000000 0.500000
-0.158045 -1.063261 1.273975 -0.708998 2.390540 0.000000 0.500000
-0.152566 -1.054800 1.284501 -0.716711 2.389292 0.000000 0.500000
-0.147073 -1.045971 1.295564 -0.725499 2.387483 0.000000 0.500000
-0.141569 -1.036771 1.307168 -0.735383 2.385097 0.000000 0.500000
-0.136060 -1.027198 1.319319 -0.746387 2.382120 0.000000 0.500000
-0.130550 -1.017251 1.332020 -0.758532 2.378538 0.000000 0.500000
-0.125046 -1.006928 1.345277 -0.771841 2.374336 0.000000 0.500000
-0.119551 -0.996226 1.359094 -0.786336 2.369500 0.000000 0.500000
-0.114071 -0.985143 1.373475 -0.802041 2.364015 0.000000 0.500000
-0.108611 -0.973679 1.388426 -0.818977 2.357866 0.000000 0.500000
-0.103176 -0.961830 1.403950 -0.837166 2.351040 0.000000 0.500000
-0.097771 -0.949595 1.420053 -0.856632 2.343521 0.000000 0.500000
-0.092400 -0.936972 1.436739 -0.877397 2.335295 0.000000 0.500000
-0.087069 -0.923958 1.454012 -0.899483 2.326348 0.000000 0.500000
-0.081783 -0.910553 1.471878 -0.922913 2.316665 0.000000 0.500000
-0.076547 -0.896754 1.490341 -0.947708 2.306232 0.000000 0.500000
-0.071366 -0.882558 1.509405 -0.973892 2.295033 0.000000 0.500000
-0.066244 -0.867965 1.529075 -1.001488 2.283056 0.000000 0.500000
-0.061187 -0.852972 1.549356 -1.030516 2.270284 0.000000 0.500000
-0.056201 -0.837577 1.570253 -1.061001 2.256704 0.000000 0.500000
-0.051288 -0.821779 1.591769 -1.092963 2.242301 0.000000 0.500000
-0.046456 -0.805575 1.613910 -1.126427 2.227061 0.000000 0.500000
-0.041709 -0.788963 1.636680 -1.161414 2.210969 0.000000 0.500000
-0.037051 -0.771942 1.660084 -1.197946 2.194010 0.000000 0.500000
-0.032488 -0.754509 1.684126 -1.236047 2.176170 0.000000 0.500000
-0.028025 -0.736663 1.708811 -1.275738 2.157435 0.000000 0.500000
-0.023667 -0.718402 1.734144 -1.317043 2.137790 0.000000 0.500000
-0.019419 -0.699723 1.760129 -1.359983 2.117221 0.000000 0.500000
-0.015286 -0.680624 1.786771 -1.404580 2.095713 0.000000 0.500000
-0.011272 -0.661105 1.814075 -1.450859 2.073251 0.000000 0.500000
-0.007383 -0.641162 1.842044 -1.498840 2.049821 0.000000 0.500000
-0.003624 -0.620795 1.870684 -1.548546 2.025409 0.000000 0.500000
0.000000 -0.600000 1.900000 -1.600000 2.000000 0.000000 0.500000
