-0.000000 -0.600000 1.900000 -1.600000 2.000000 0.000000 0.500000
0.007205 -0.609833 1.840477 -1.600000 1.935980 0.000000 0.500000
0.014743 -0.618653 1.782101 -1.600000 1.873229 0.000000 0.500000
0.022607 -0.626478 1.724862 -1.600000 1.811735 0.000000 0.500000
0.030793 -0.633325 1.668747 -1.600000 1.751485 0.000000 0.500000
0.039294 -0.639213 1.613748 -1.600000 1.692468 0.000000 0.500000
0.048104 -0.644159 1.559853 -1.600000 1.634671 0.000000 0.500000
0.057217 -0.648181 1.507051 -1.600000 1.578083 0.000000 0.500000
0.066628 -0.651296 1.455332 -1.600000 1.522691 0.000000 0.500000
0.076330 -0.653522 1.404685 -1.600000 1.468484 0.000000 0.500000
0.086318 -0.654877 1.355099 -1.600000 1.415449 0.000000 0.500000
0.096586 -0.655379 1.306564 -1.600000 1.363575 0.000000 0.500000
0.107127 -0.655044 1.259069 -1.600000 1.312849 0.000000 0.500000
0.117937 -0.653892 1.212603 -1.600000 1.263259 0.000000 0.500000
0.129008 -0.651938 1.167155 -1.600000 1.214793 0.000000 0.500000
0.140336 -0.649203 1.122715 -1.600000 1.167440 0.000000 0.500000
0.151915 -0.645702 1.079272 -1.600000 1.121186 0.000000 0.500000
0.163737 -0.641453 1.036816 -1.600000 1.076021 0.000000 0.500000
0.175799 -0.636475 0.995335 -1.600000 1.031932 0.000000 0.500000
0.188093 -0.630785 0.954819 -1.600000 0.988907 0.000000 0.500000
0.200613 -0.624401 0.915257 -1.600000 0.946934 0.000000 0.500000
0.213355 -0.617340 0.876639 -1.600000 0.906000 0.000000 0.500000
0.226311 -0.609620 0.838954 -1.600000 0.866095 0.000000 0.500000
0.239477 -0.601258 0.802190 -1.600000 0.827206 0.000000 0.500000
0.252846 -0.592273 0.766339 -1.600000 0.789320 0.000000 0.500000
0.266412 -0.582683 0.731387 -1.600000 0.752426 0.000000 0.500000
0.280170 -0.572504 0.697326 -1.600000 0.716512 0.000000 0.500000
0.294113 -0.561754 0.664144 -1.600000 0.681566 0.000000 0.500000
0.308236 -0.550452 0.631831 -1.600000 0.647575 0.000000 0.500000
0.322533 -0.538614 0.600375 -1.600000 0.614528 0.000000 0.500000
0.336997 -0.526259 0.569767 -1.600000 0.582413 0.000000 0.500000
0.351624 -0.513404 0.539995 -1.600000 0.551217 0.000000 0.500000
0.366407 -0.500068 0.511049 -1.600000 0.520928 0.000000 0.500000
0.381340 -0.486266 0.482918 -1.600000 0.491535 0.000000 0.500000
0.396417 -0.472018 0.455591 -1.600000 0.463026 0.000000 0.500000
0.411632 -0.457341 0.429058 -1.600000 0.435387 0.000000 0.500000
0.426981 -0.442253 0.403308 -1.600000 0.408608 0.000000 0.500000
0.442456 -0.426771 0.378330 -1.600000 0.382677 0.000000 0.500000
0.458051 -0.410913 0.354113 -1.600000 0.357581 0.000000 0.500000
0.473762 -0.394697 0.330648 -1.600000 0.333307 0.000000 0.500000
0.489581 -0.378141 0.307922 -1.600000 0.309846 0.000000 0.500000
0.505504 -0.361261 0.285926 -1.600000 0.287183 0.000000 0.500000
0.521524 -0.344076 0.264648 -1.600000 0.265307 0.000000 0.500000
0.537635 -0.326604 0.244079 -1.600000 0.244206 0.000000 0.500000
0.553832 -0.308862 0.224206 -1.600000 0.223869 0.000000 0.500000
0.570108 -0.290868 0.205021 -1.600000 0.204282 0.000000 0.500000
0.586458 -0.272639 0.186511 -1.600000 0.185434 0.000000 0.500000
0.602875 -0.254193 0.168666 -1.600000 0.167313 0.000000 0.500000
0.619355 -0.235549 0.151476 -1.600000 0.149907 0.000000 0.500000
0.635890 -0.216723 0.134929 -1.600000 0.133204 0.000000 0.500000
0.652476 -0.197733 0.119016 -1.600000 0.117192 0.000000 0.500000
0.669106 -0.178598 0.103724 -1.600000 0.101858 0.000000 0.500000
0.685774 -0.159334 0.089045 -1.600000 0.087191 0.000000 0.500000
0.702475 -0.139959 0.074966 -1.600000 0.073179 0.000000 0.500000
0.719202 -0.120492 0.061477 -1.600000 0.059809 0.000000 0.500000
0.735950 -0.100949 0.048568 -1.600000 0.047070 0.000000 0.500000
0.752712 -0.081349 0.036228 -1.600000 0.034949 0.000000 0.500000
0.769484 -0.061709 0.024446 -1.600000 0.023435 0.000000 0.500000
0.786258 -0.042047 0.013211 -1.600000 0.012516 0.000000 0.500000
0.803030 -0.022380 0.002513 -1.600000 0.002178 0.000000 0.500000
0.819793 -0.002726 -0.007659 -1.600000 -0.007589 0.000000 0.500000
0.836541 0.016897 -0.017316 -1.600000 -0.016797 0.000000 0.500000
0.853269 0.036471 -0.026469 -1.600000 -0.025460 0.000000 0.500000
0.869970 0.055979 -0.035127 -1.600000 -0.033588 0.000000 0.500000
0.886639 0.075403 -0.043303 -1.600000 -0.041194 0.000000 0.500000
0.903269 0.094725 -0.051006 -1.600000 -0.048289 0.000000 0.500000
0.919856 0.113928 -0.058247 -1.600000 -0.054887 0.000000 0.500000
0.936392 0.132994 -0.065037 -1.600000 -0.060998 0.000000 0.500000
0.952873 0.151905 -0.071387 -1.600000 -0.066636 0.000000 0.500000
0.969292 0.170644 -0.077308 -1.600000 -0.071811 0.000000 0.500000
0.985643 0.189193 -0.082809 -1.600000 -0.076537 0.000000 0.500000
1.001921 0.207534 -0.087902 -1.600000 -0.080825 0.000000 0.500000
1.018119 0.225650 -0.092598 -1.600000 -0.084686 0.000000 0.500000
1.034232 0.243522 -0.096907 -1.600000 -0.088134 0.000000 0.500000
1.050253 0.261134 -0.100840 -1.600000 -0.091180 0.000000 0.500000
1.066178 0.278467 -0.104408 -1.600000 -0.093837 0.000000 0.500000
1.081999 0.295504 -0.107621 -1.600000 -0.096115 0.000000 0.500000
1.097712 0.312227 -0.110490 -1.600000 -0.098028 0.000000 0.500000
1.113309 0.328619 -0.113026 -1.600000 -0.099587 0.000000 0.500000
1.128787 0.344661 -0.115239 -1.600000 -0.100805 0.000000 0.500000
1.144137 0.360336 -0.117140 -1.600000 -0.101693 0.000000 0.500000
1.159355 0.375627 -0.118741 -1.600000 -0.102264 0.000000 0.500000
1.174435 0.390515 -0.120051 -1.600000 -0.102529 0.000000 0.500000
1.189371 0.404983 -0.121081 -1.600000 -0.102501 0.000000 0.500000
1.204156 0.419014 -0.121842 -1.600000 -0.102191 0.000000 0.500000
1.218786 0.432589 -0.122345 -1.600000 -0.101612 0.000000 0.500000
1.233253 0.445691 -0.122600 -1.600000 -0.100776 0.000000 0.500000
1.247553 0.458302 -0.122619 -1.600000 -0.099694 0.000000 0.500000
1.261679 0.470405 -0.122411 -1.600000 -0.098379 0.000000 0.500000
1.275626 0.481981 -0.121988 -1.600000 -0.096843 0.000000 0.500000
1.289387 0.493014 -0.121360 -1.600000 -0.095098 0.000000 0.500000
1.302957 0.503486 -0.120538 -1.600000 -0.093156 0.000000 0.500000
1.316329 0.513378 -0.119533 -1.600000 -0.091029 0.000000 0.500000
1.329499 0.522673 -0.118355 -1.600000 -0.088728 0.000000 0.500000
1.342459 0.531353 -0.117015 -1.600000 -0.086267 0.000000 0.500000
1.355205 0.539401 -0.115524 -1.600000 -0.083657 0.000000 0.500000
1.367729 0.546800 -0.113892 -1.600000 -0.080910 0.000000 0.500000
1.380028 0.553530 -0.112131 -1.600000 -0.078038 0.000000 0.500000
1.392093 0.559576 -0.110250 -1.600000 -0.075053 0.000000 0.500000
1.403920 0.564918 -0.108261 -1.600000 -0.071967 0.000000 0.500000
1.415503 0.569539 -0.106175 -1.600000 -0.068793 0.000000 0.500000
1.426836 0.573422 -0.104001 -1.600000 -0.065541 0.000000 0.500000
1.437912 0.576549 -0.101751 -1.600000 -0.062226 0.000000 0.500000
1.448726 0.578903 -0.099436 -1.600000 -0.058857 0.000000 0.500000
1.459273 0.580464 -0.097066 -1.600000 -0.055448 0.000000 0.500000
1.469546 0.581217 -0.094651 -1.600000 -0.052011 0.000000 0.500000
1.479539 0.581143 -0.092203 -1.600000 -0.048557 0.000000 0.500000
1.489246 0.580224 -0.089733 -1.600000 -0.045098 0.000000 0.500000
1.498662 0.578443 -0.087250 -1.600000 -0.041647 0.000000 0.500000
1.507781 0.575782 -0.084766 -1.600000 -0.038216 0.000000 0.500000
1.516597 0.572223 -0.082291 -1.600000 -0.034817 0.000000 0.500000
1.525103 0.567749 -0.079837 -1.600000 -0.031461 0.000000 0.500000
1.533295 0.562342 -0.077413 -1.600000 -0.028160 0.000000 0.500000
1.541165 0.555985 -0.075031 -1.600000 -0.024928 0.000000 0.500000
1.548709 0.548659 -0.072701 -1.600000 -0.021775 0.000000 0.500000
1.555920 0.540347 -0.070434 -1.600000 -0.018715 0.000000 0.500000
1.562792 0.531029 -0.068241 -1.600000 -0.015759 0.000000 0.500000
1.569318 0.520683 -0.066133 -1.600000 -0.012920 0.000000 0.500000
1.575492 0.509290 -0.064123 -1.600000 -0.010211 0.000000 0.500000
1.581309 0.496839 -0.062218 -1.600000 -0.007643 0.000000 0.500000
1.586767 0.483328 -0.060427 -1.600000 -0.005223 0.000000 0.500000
1.591868 0.468768 -0.058753 -1.600000 -0.002956 0.000000 0.500000
1.596617 0.453185 -0.057198 -1.600000 -0.000843 0.000000 0.500000
1.601019 0.436614 -0.055761 -1.600000 0.001117 0.000000 0.500000
1.605084 0.419100 -0.054438 -1.600000 0.002928 0.000000 0.500000
1.608823 0.400691 -0.053225 -1.600000 0.004597 0.000000 0.500000
1.612245 0.381437 -0.052119 -1.600000 0.006126 0.000000 0.500000
1.615360 0.361382 -0.051116 -1.600000 0.007521 0.000000 0.500000
1.618177 0.340572 -0.050213 -1.600000 0.008784 0.000000 0.500000
1.620706 0.319052 -0.049407 -1.600000 0.009922 0.000000 0.500000
1.622956 0.296866 -0.048694 -1.600000 0.010937 0.000000 0.500000
1.624935 0.274061 -0.048071 -1.600000 0.011833 0.000000 0.500000
1.626654 0.250681 -0.047536 -1.600000 0.012614 0.000000 0.500000
1.628122 0.226772 -0.047084 -1.600000 0.013285 0.000000 0.500000
1.629348 0.202378 -0.046713 -1.600000 0.013849 0.000000 0.500000
1.630341 0.177545 -0.046419 -1.600000 0.014311 0.000000 0.500000
1.631111 0.152317 -0.046199 -1.600000 0.014674 0.000000 0.500000
1.631667 0.126741 -0.046050 -1.600000 0.014943 0.000000 0.500000
1.632018 0.100860 -0.045969 -1.600000 0.015121 0.000000 0.500000
1.632174 0.074721 -0.045952 -1.600000 0.015212 0.000000 0.500000
1.632143 0.048369 -0.045996 -1.600000 0.015221 0.000000 0.500000
1.631936 0.021847 -0.046098 -1.600000 0.015152 0.000000 0.500000
1.631561 -0.004797 -0.046255 -1.600000 0.015008 0.000000 0.500000
1.631027 -0.031520 -0.046464 -1.600000 0.014794 0.000000 0.500000
1.630345 -0.058276 -0.046721 -1.600000 0.014513 0.000000 0.500000
1.629524 -0.085020 -0.047023 -1.600000 0.014170 0.000000 0.500000
1.628572 -0.111706 -0.047367 -1.600000 0.013768 0.000000 0.500000
1.627498 -0.138291 -0.047749 -1.600000 0.013312 0.000000 0.500000
1.626314 -0.164728 -0.048167 -1.600000 0.012806 0.000000 0.500000
1.625027 -0.190972 -0.048617 -1.600000 0.012253 0.000000 0.500000
1.623646 -0.216978 -0.049096 -1.600000 0.011658 0.000000 0.500000
1.622182 -0.242702 -0.049600 -1.600000 0.011024 0.000000 0.500000
1.620644 -0.268098 -0.050127 -1.600000 0.010356 0.000000 0.500000
1.619040 -0.293120 -0.050674 -1.600000 0.009658 0.000000 0.500000
1.617380 -0.317724 -0.051236 -1.600000 0.008934 0.000000 0.500000
1.615674 -0.341865 -0.051811 -1.600000 0.008187 0.000000 0.500000
1.613931 -0.365497 -0.052396 -1.600000 0.007422 0.000000 0.500000
1.612159 -0.388575 -0.052987 -1.600000 0.006643 0.000000 0.500000
1.610369 -0.411055 -0.053581 -1.600000 0.005853 0.000000 0.500000
1.608570 -0.432891 -0.054176 -1.600000 0.005057 0.000000 0.500000
1.606770 -0.454037 -0.054766 -1.600000 0.004259 0.000000 0.500000
1.604980 -0.474449 -0.055351 -1.600000 0.003463 0.000000 0.500000
1.603209 -0.494082 -0.055925 -1.600000 0.002672 0.000000 0.500000
1.601465 -0.512891 -0.056487 -1.600000 0.001892 0.000000 0.500000
1.599758 -0.530829 -0.057032 -1.600000 0.001125 0.000000 0.500000
1.598098 -0.547853 -0.057558 -1.600000 0.000376 0.000000 0.500000
1.596494 -0.563917 -0.058061 -1.600000 -0.000351 0.000000 0.500000
1.594955 -0.578976 -0.058538 -1.600000 -0.001053 0.000000 0.500000
1.593490 -0.592984 -0.058986 -1.600000 -0.001724 0.000000 0.500000
1.592108 -0.605898 -0.059401 -1.600000 -0.002362 0.000000 0.500000
1.590820 -0.617670 -0.059782 -1.600000 -0.002961 0.000000 0.500000
1.589634 -0.628258 -0.060123 -1.600000 -0.003519 0.000000 0.500000
1.588560 -0.637614 -0.060422 -1.600000 -0.004031 0.000000 0.500000
1.587607 -0.645694 -0.060676 -1.600000 -0.004493 0.000000 0.500000
1.586784 -0.652454 -0.060881 -1.600000 -0.004901 0.000000 0.500000
1.586100 -0.657847 -0.061035 -1.600000 -0.005250 0.000000 0.500000
1.585566 -0.661825 -0.061133 -1.600000 -0.005538 0.000000 0.500000
1.585193 -0.664335 -0.061173 -1.600000 -0.005759 0.000000 0.500000
1.584989 -0.665333 -0.061150 -1.600000 -0.005908 0.000000 0.500000
1.584962 -0.664785 -0.061063 -1.600000 -0.005984 0.000000 0.500000
1.585115 -0.662672 -0.060909 -1.600000 -0.005984 0.000000 0.500000
1.585448 -0.658996 -0.060691 -1.600000 -0.005908 0.000000 0.500000
1.585957 -0.653778 -0.060408 -1.600000 -0.005759 0.000000 0.500000
1.586635 -0.647053 -0.060065 -1.600000 -0.005538 0.000000 0.500000
1.587471 -0.638869 -0.059664 -1.600000 -0.005250 0.000000 0.500000
1.588455 -0.629282 -0.059210 -1.600000 -0.004901 0.000000 0.500000
1.589575 -0.618342 -0.058708 -1.600000 -0.004493 0.000000 0.500000
1.590822 -0.606097 -0.058160 -1.600000 -0.004031 0.000000 0.500000
1.592186 -0.592594 -0.057571 -1.600000 -0.003519 0.000000 0.500000
1.593658 -0.577882 -0.056944 -1.600000 -0.002961 0.000000 0.500000
1.595227 -0.562009 -0.056283 -1.600000 -0.002362 0.000000 0.500000
1.596883 -0.545020 -0.055592 -1.600000 -0.001724 0.000000 0.500000
1.598617 -0.526965 -0.054875 -1.600000 -0.001053 0.000000 0.500000
1.600420 -0.507891 -0.054135 -1.600000 -0.000351 0.000000 0.500000
1.602280 -0.487846 -0.053376 -1.600000 0.000376 0.000000 0.500000
1.604189 -0.466876 -0.052601 -1.600000 0.001125 0.000000 0.500000
1.606136 -0.445031 -0.051815 -1.600000 0.001892 0.000000 0.500000
1.608112 -0.422356 -0.051022 -1.600000 0.002672 0.000000 0.500000
1.610107 -0.398901 -0.050224 -1.600000 0.003463 0.000000 0.500000
1.612111 -0.374712 -0.049426 -1.600000 0.004259 0.000000 0.500000
1.614114 -0.349838 -0.048632 -1.600000 0.005057 0.000000 0.500000
1.616107 -0.324326 -0.047844 -1.600000 0.005853 0.000000 0.500000
1.618079 -0.298223 -0.047068 -1.600000 0.006643 0.000000 0.500000
1.620021 -0.271577 -0.046306 -1.600000 0.007422 0.000000 0.500000
1.621923 -0.244436 -0.045563 -1.600000 0.008187 0.000000 0.500000
1.623775 -0.216847 -0.044842 -1.600000 0.008934 0.000000 0.500000
1.625567 -0.188859 -0.044147 -1.600000 0.009658 0.000000 0.500000
1.627290 -0.160518 -0.043481 -1.600000 0.010356 0.000000 0.500000
1.628934 -0.131872 -0.042849 -1.600000 0.011024 0.000000 0.500000
1.630488 -0.102969 -0.042254 -1.600000 0.011658 0.000000 0.500000
1.631944 -0.073857 -0.041700 -1.600000 0.012253 0.000000 0.500000
1.633290 -0.044583 -0.041190 -1.600000 0.012806 0.000000 0.500000
1.634519 -0.015194 -0.040729 -1.600000 0.013312 0.000000 0.500000
1.635618 0.014261 -0.040320 -1.600000 0.013768 0.000000 0.500000
1.636580 0.043735 -0.039966 -1.600000 0.014170 0.000000 0.500000
1.637394 0.073180 -0.039673 -1.600000 0.014513 0.000000 0.500000
1.638049 0.102549 -0.039442 -1.600000 0.014794 0.000000 0.500000
1.638537 0.131794 -0.039279 -1.600000 0.015008 0.000000 0.500000
1.638848 0.160868 -0.039186 -1.600000 0.015152 0.000000 0.500000
1.638971 0.189722 -0.039168 -1.600000 0.015221 0.000000 0.500000
1.638897 0.218310 -0.039228 -1.600000 0.015212 0.000000 0.500000
1.638617 0.246583 -0.039370 -1.600000 0.015121 0.000000 0.500000
1.638119 0.274494 -0.039598 -1.600000 0.014943 0.000000 0.500000
1.637395 0.301996 -0.039915 -1.600000 0.014674 0.000000 0.500000
1.636434 0.329040 -0.040326 -1.600000 0.014311 0.000000 0.500000
1.635228 0.355580 -0.040833 -1.600000 0.013849 0.000000 0.500000
1.633765 0.381566 -0.041441 -1.600000 0.013285 0.000000 0.500000
1.632036 0.406953 -0.042154 -1.600000 0.012614 0.000000 0.500000
1.630032 0.431692 -0.042975 -1.600000 0.011833 0.000000 0.500000
1.627742 0.455735 -0.043908 -1.600000 0.010937 0.000000 0.500000
1.625157 0.479036 -0.044956 -1.600000 0.009922 0.000000 0.500000
1.622267 0.501546 -0.046124 -1.600000 0.008784 0.000000 0.500000
1.619061 0.523217 -0.047415 -1.600000 0.007521 0.000000 0.500000
1.615531 0.544003 -0.048833 -1.600000 0.006126 0.000000 0.500000
1.611667 0.563855 -0.050381 -1.600000 0.004597 0.000000 0.500000
1.607458 0.582726 -0.052064 -1.600000 0.002928 0.000000 0.500000
1.602894 0.600564 -0.053886 -1.600000 0.001117 0.000000 0.500000
1.597964 0.617317 -0.055851 -1.600000 -0.000843 0.000000 0.500000
1.592658 0.632939 -0.057964 -1.600000 -0.002956 0.000000 0.500000
1.586969 0.647391 -0.060226 -1.600000 -0.005223 0.000000 0.500000
1.580892 0.660650 -0.062635 -1.600000 -0.007643 0.000000 0.500000
1.574428 0.672703 -0.065187 -1.600000 -0.010211 0.000000 0.500000
1.567578 0.683554 -0.067874 -1.600000 -0.012920 0.000000 0.500000
1.560347 0.693217 -0.070686 -1.600000 -0.015759 0.000000 0.500000
1.552743 0.701715 -0.073611 -1.600000 -0.018715 0.000000 0.500000
1.544774 0.709073 -0.076636 -1.600000 -0.021775 0.000000 0.500000
1.536448 0.715314 -0.079748 -1.600000 -0.024928 0.000000 0.500000
1.527770 0.720460 -0.082937 -1.600000 -0.028160 0.000000 0.500000
1.518750 0.724531 -0.086190 -1.600000 -0.031461 0.000000 0.500000
1.509392 0.727549 -0.089496 -1.600000 -0.034817 0.000000 0.500000
1.499704 0.729534 -0.092843 -1.600000 -0.038216 0.000000 0.500000
1.489694 0.730507 -0.096219 -1.600000 -0.041647 0.000000 0.500000
1.479367 0.730489 -0.099612 -1.600000 -0.045098 0.000000 0.500000
1.468731 0.729501 -0.103011 -1.600000 -0.048557 0.000000 0.500000
1.457793 0.727565 -0.106404 -1.600000 -0.052011 0.000000 0.500000
1.446560 0.724700 -0.109779 -1.600000 -0.055448 0.000000 0.500000
1.435038 0.720928 -0.113125 -1.600000 -0.058857 0.000000 0.500000
1.423234 0.716271 -0.116429 -1.600000 -0.062226 0.000000 0.500000
1.411157 0.710748 -0.119680 -1.600000 -0.065541 0.000000 0.500000
1.398811 0.704380 -0.122867 -1.600000 -0.068793 0.000000 0.500000
1.386205 0.697190 -0.125977 -1.600000 -0.071967 0.000000 0.500000
1.373344 0.689197 -0.128999 -1.600000 -0.075053 0.000000 0.500000
1.360237 0.680423 -0.131921 -1.600000 -0.078038 0.000000 0.500000
1.346890 0.670888 -0.134731 -1.600000 -0.080910 0.000000 0.500000
1.333310 0.660613 -0.137418 -1.600000 -0.083657 0.000000 0.500000
1.319504 0.649621 -0.139970 -1.600000 -0.086267 0.000000 0.500000
1.305478 0.637930 -0.142375 -1.600000 -0.088728 0.000000 0.500000
1.291240 0.625563 -0.144622 -1.600000 -0.091029 0.000000 0.500000
1.276797 0.612540 -0.146698 -1.600000 -0.093156 0.000000 0.500000
1.262155 0.598882 -0.148592 -1.600000 -0.095098 0.000000 0.500000
1.247321 0.584610 -0.150292 -1.600000 -0.096843 0.000000 0.500000
1.232303 0.569745 -0.151787 -1.600000 -0.098379 0.000000 0.500000
1.217107 0.554309 -0.153064 -1.600000 -0.099694 0.000000 0.500000
1.201741 0.538321 -0.154113 -1.600000 -0.100776 0.000000 0.500000
1.186210 0.521803 -0.154921 -1.600000 -0.101612 0.000000 0.500000
1.170522 0.504776 -0.155476 -1.600000 -0.102191 0.000000 0.500000
1.154685 0.487261 -0.155767 -1.600000 -0.102501 0.000000 0.500000
1.138704 0.469278 -0.155782 -1.600000 -0.102529 0.000000 0.500000
1.122586 0.450849 -0.155510 -1.600000 -0.102264 0.000000 0.500000
1.106340 0.431995 -0.154938 -1.600000 -0.101693 0.000000 0.500000
1.089971 0.412736 -0.154055 -1.600000 -0.100805 0.000000 0.500000
1.073486 0.393094 -0.152849 -1.600000 -0.099587 0.000000 0.500000
1.056893 0.373089 -0.151308 -1.600000 -0.098028 0.000000 0.500000
1.040198 0.352743 -0.149422 -1.600000 -0.096115 0.000000 0.500000
1.023409 0.332076 -0.147177 -1.600000 -0.093837 0.000000 0.500000
1.006531 0.311109 -0.144562 -1.600000 -0.091180 0.000000 0.500000
0.989573 0.289863 -0.141566 -1.600000 -0.088134 0.000000 0.500000
0.972540 0.268360 -0.138176 -1.600000 -0.084686 0.000000 0.500000
0.955441 0.246619 -0.134382 -1.600000 -0.080825 0.000000 0.500000
0.938281 0.224663 -0.130171 -1.600000 -0.076537 0.000000 0.500000
0.921068 0.202511 -0.125531 -1.600000 -0.071811 0.000000 0.500000
0.903809 0.180186 -0.120451 -1.600000 -0.066636 0.000000 0.500000
0.886510 0.157707 -0.114919 -1.600000 -0.060998 0.000000 0.500000
0.869179 0.135096 -0.108924 -1.600000 -0.054887 0.000000 0.500000
0.851822 0.112374 -0.102453 -1.600000 -0.048289 0.000000 0.500000
0.834446 0.089561 -0.095495 -1.600000 -0.041194 0.000000 0.500000
0.817059 0.066679 -0.088038 -1.600000 -0.033588 0.000000 0.500000
0.799667 0.043749 -0.080070 -1.600000 -0.025460 0.000000 0.500000
0.782277 0.020791 -0.071581 -1.600000 -0.016797 0.000000 0.500000
0.764896 -0.002173 -0.062557 -1.600000 -0.007589 0.000000 0.500000
0.747530 -0.025123 -0.052987 -1.600000 0.002178 0.000000 0.500000
0.730188 -0.048038 -0.042860 -1.600000 0.012516 0.000000 0.500000
0.712875 -0.070897 -0.032163 -1.600000 0.023435 0.000000 0.500000
0.695599 -0.093678 -0.020886 -1.600000 0.034949 0.000000 0.500000
0.678366 -0.116361 -0.009015 -1.600000 0.047070 0.000000 0.500000
0.661184 -0.138925 0.003459 -1.600000 0.059809 0.000000 0.500000
0.644059 -0.161349 0.016550 -1.600000 0.073179 0.000000 0.500000
0.626999 -0.183612 0.030269 -1.600000 0.087191 0.000000 0.500000
0.610009 -0.205693 0.044628 -1.600000 0.101858 0.000000 0.500000
0.593098 -0.227571 0.059638 -1.600000 0.117192 0.000000 0.500000
0.576272 -0.249225 0.075311 -1.600000 0.133204 0.000000 0.500000
0.559538 -0.270635 0.091659 -1.600000 0.149907 0.000000 0.500000
0.542903 -0.291779 0.108694 -1.600000 0.167313 0.000000 0.500000
0.526374 -0.312636 0.126427 -1.600000 0.185434 0.000000 0.500000
0.509957 -0.333186 0.144870 -1.600000 0.204282 0.000000 0.500000
0.493660 -0.353407 0.164034 -1.600000 0.223869 0.000000 0.500000
0.477489 -0.373278 0.183933 -1.600000 0.244206 0.000000 0.500000
0.461452 -0.392780 0.204576 -1.600000 0.265307 0.000000 0.500000
0.445555 -0.411890 0.225977 -1.600000 0.287183 0.000000 0.500000
0.429806 -0.430587 0.248147 -1.600000 0.309846 0.000000 0.500000
0.414211 -0.448852 0.271097 -1.600000 0.333307 0.000000 0.500000
0.398776 -0.466662 0.294839 -1.600000 0.357581 0.000000 0.500000
0.383510 -0.483997 0.319385 -1.600000 0.382677 0.000000 0.500000
0.368419 -0.500836 0.344747 -1.600000 0.408608 0.000000 0.500000
0.353510 -0.517158 0.370936 -1.600000 0.435387 0.000000 0.500000
0.338789 -0.532942 0.397964 -1.600000 0.463026 0.000000 0.500000
0.324265 -0.548168 0.425843 -1.600000 0.491535 0.000000 0.500000
0.309943 -0.562813 0.454585 -1.600000 0.520928 0.000000 0.500000
0.295830 -0.576858 0.484201 -1.600000 0.551217 0.000000 0.500000
0.281934 -0.590281 0.514703 -1.600000 0.582413 0.000000 0.500000
0.268261 -0.603061 0.546104 -1.600000 0.614528 0.000000 0.500000
0.254818 -0.615178 0.578413 -1.600000 0.647575 0.000000 0.500000
0.241613 -0.626610 0.611644 -1.600000 0.681566 0.000000 0.500000
0.228652 -0.637337 0.645808 -1.600000 0.716512 0.000000 0.500000
0.215942 -0.647337 0.680917 -1.600000 0.752426 0.000000 0.500000
0.203489 -0.656590 0.716982 -1.600000 0.789320 0.000000 0.500000
0.191302 -0.665074 0.754015 -1.600000 0.827206 0.000000 0.500000
0.179386 -0.672770 0.792029 -1.600000 0.866095 0.000000 0.500000
0.167749 -0.679655 0.831034 -1.600000 0.906000 0.000000 0.500000
0.156398 -0.685709 0.871042 -1.600000 0.946934 0.000000 0.500000
0.145339 -0.690911 0.912066 -1.600000 0.988907 0.000000 0.500000
0.134580 -0.695240 0.954116 -1.600000 1.031932 0.000000 0.500000
0.124127 -0.698675 0.997205 -1.600000 1.076021 0.000000 0.500000
0.113987 -0.701195 1.041345 -1.600000 1.121186 0.000000 0.500000
0.104168 -0.702779 1.086547 -1.600000 1.167440 0.000000 0.500000
0.094675 -0.703406 1.132822 -1.600000 1.214793 0.000000 0.500000
0.085517 -0.703056 1.180183 -1.600000 1.263259 0.000000 0.500000
0.076699 -0.701707 1.228641 -1.600000 1.312849 0.000000 0.500000
0.068230 -0.699338 1.278208 -1.600000 1.363575 0.000000 0.500000
0.060115 -0.695929 1.328896 -1.600000 1.415449 0.000000 0.500000
0.052362 -0.691459 1.380717 -1.600000 1.468484 0.000000 0.500000
0.044977 -0.685906 1.433682 -1.600000 1.522691 0.000000 0.500000
0.037968 -0.679249 1.487802 -1.600000 1.578083 0.000000 0.500000
0.031341 -0.671468 1.543091 -1.600000 1.634671 0.000000 0.500000
0.025104 -0.662542 1.599559 -1.600000 1.692468 0.000000 0.500000
0.019263 -0.652450 1.657218 -1.600000 1.751485 0.000000 0.500000
0.013825 -0.641171 1.716080 -1.600000 1.811735 0.000000 0.500000
0.008798 -0.628683 1.776156 -1.600000 1.873229 0.000000 0.500000
0.004187 -0.614967 1.837459 -1.600000 1.935980 0.000000 0.500000
-0.000000 -0.600000 1.900000 -1.600000 2.000000 0.000000 0.500000
