0.000000 -0.600000 1.900000 -1.600000 2.000000 0.000000 0.500000
0.003556 -0.605037 1.870136 -1.600000 1.967875 0.000000 0.500000
0.007195 -0.609820 1.840559 -1.600000 1.936068 0.000000 0.500000
0.010917 -0.614350 1.811268 -1.600000 1.904578 0.000000 0.500000
0.014721 -0.618630 1.782262 -1.600000 1.873402 0.000000 0.500000
0.018607 -0.622661 1.753539 -1.600000 1.842539 0.000000 0.500000
0.022574 -0.626447 1.725098 -1.600000 1.811989 0.000000 0.500000
0.026621 -0.629989 1.696938 -1.600000 1.781748 0.000000 0.500000
0.030747 -0.633290 1.669057 -1.600000 1.751817 0.000000 0.500000
0.034951 -0.636351 1.641453 -1.600000 1.722192 0.000000 0.500000
0.039233 -0.639176 1.614127 -1.600000 1.692874 0.000000 0.500000
0.043593 -0.641765 1.587076 -1.600000 1.663860 0.000000 0.500000
0.048029 -0.644122 1.560298 -1.600000 1.635148 0.000000 0.500000
0.052540 -0.646248 1.533794 -1.600000 1.606738 0.000000 0.500000
0.057127 -0.648146 1.507560 -1.600000 1.578628 0.000000 0.500000
0.061787 -0.649818 1.481597 -1.600000 1.550816 0.000000 0.500000
0.066521 -0.651266 1.455902 -1.600000 1.523301 0.000000 0.500000
0.071328 -0.652493 1.430474 -1.600000 1.496081 0.000000 0.500000
0.076207 -0.653500 1.405313 -1.600000 1.469155 0.000000 0.500000
0.081157 -0.654290 1.380416 -1.600000 1.442522 0.000000 0.500000
0.086177 -0.654864 1.355782 -1.600000 1.416179 0.000000 0.500000
0.091267 -0.655226 1.331410 -1.600000 1.390125 0.000000 0.500000
0.096426 -0.655377 1.307299 -1.600000 1.364360 0.000000 0.500000
0.101654 -0.655320 1.283447 -1.600000 1.338880 0.000000 0.500000
0.106949 -0.655056 1.259853 -1.600000 1.313686 0.000000 0.500000
0.112311 -0.654589 1.236516 -1.600000 1.288775 0.000000 0.500000
0.117739 -0.653920 1.213434 -1.600000 1.264145 0.000000 0.500000
0.123232 -0.653051 1.190606 -1.600000 1.239796 0.000000 0.500000
0.128790 -0.651984 1.168030 -1.600000 1.215726 0.000000 0.500000
0.134412 -0.650722 1.145706 -1.600000 1.191933 0.000000 0.500000
0.140098 -0.649268 1.123632 -1.600000 1.168416 0.000000 0.500000
0.145845 -0.647622 1.101807 -1.600000 1.145174 0.000000 0.500000
0.151654 -0.645788 1.080228 -1.600000 1.122204 0.000000 0.500000
0.157525 -0.643767 1.058896 -1.600000 1.099505 0.000000 0.500000
0.163455 -0.641562 1.037808 -1.600000 1.077076 0.000000 0.500000
0.169445 -0.639175 1.016964 -1.600000 1.054916 0.000000 0.500000
0.175494 -0.636609 0.996362 -1.600000 1.033023 0.000000 0.500000
0.181601 -0.633864 0.976000 -1.600000 1.011394 0.000000 0.500000
0.187765 -0.630945 0.955877 -1.600000 0.990030 0.000000 0.500000
0.193985 -0.627852 0.935993 -1.600000 0.968928 0.000000 0.500000
0.200262 -0.624588 0.916345 -1.600000 0.948087 0.000000 0.500000
0.206594 -0.621155 0.896932 -1.600000 0.927505 0.000000 0.500000
0.212980 -0.617555 0.877754 -1.600000 0.907181 0.000000 0.500000
0.219419 -0.613791 0.858808 -1.600000 0.887114 0.000000 0.500000
0.225912 -0.609865 0.840093 -1.600000 0.867301 0.000000 0.500000
0.232457 -0.605779 0.821608 -1.600000 0.847742 0.000000 0.500000
0.239053 -0.601536 0.803352 -1.600000 0.828434 0.000000 0.500000
0.245700 -0.597136 0.785324 -1.600000 0.809377 0.000000 0.500000
0.252397 -0.592583 0.767521 -1.600000 0.790569 0.000000 0.500000
0.259143 -0.587879 0.749943 -1.600000 0.772008 0.000000 0.500000
0.265937 -0.583026 0.732588 -1.600000 0.753693 0.000000 0.500000
0.272780 -0.578026 0.715455 -1.600000 0.735622 0.000000 0.500000
0.279669 -0.572882 0.698543 -1.600000 0.717794 0.000000 0.500000
0.286605 -0.567595 0.681850 -1.600000 0.700207 0.000000 0.500000
0.293586 -0.562168 0.665375 -1.600000 0.682861 0.000000 0.500000
0.300613 -0.556603 0.649116 -1.600000 0.665753 0.000000 0.500000
0.307683 -0.550902 0.633073 -1.600000 0.648881 0.000000 0.500000
0.314797 -0.545067 0.617244 -1.600000 0.632245 0.000000 0.500000
0.321953 -0.539102 0.601628 -1.600000 0.615843 0.000000 0.500000
0.329151 -0.533007 0.586223 -1.600000 0.599673 0.000000 0.500000
0.336391 -0.526785 0.571027 -1.600000 0.583734 0.000000 0.500000
0.343670 -0.520438 0.556041 -1.600000 0.568025 0.000000 0.500000
0.350990 -0.513969 0.541262 -1.600000 0.552543 0.000000 0.500000
0.358349 -0.507379 0.526689 -1.600000 0.537287 0.000000 0.500000
0.365745 -0.500671 0.512320 -1.600000 0.522257 0.000000 0.500000
0.373180 -0.493847 0.498155 -1.600000 0.507450 0.000000 0.500000
0.380651 -0.486910 0.484191 -1.600000 0.492865 0.000000 0.500000
0.388158 -0.479860 0.470429 -1.600000 0.478500 0.000000 0.500000
0.395701 -0.472702 0.456866 -1.600000 0.464354 0.000000 0.500000
0.403278 -0.465436 0.443500 -1.600000 0.450425 0.000000 0.500000
0.410889 -0.458066 0.430332 -1.600000 0.436713 0.000000 0.500000
0.418533 -0.450592 0.417358 -1.600000 0.423214 0.000000 0.500000
0.426209 -0.443018 0.404579 -1.600000 0.409929 0.000000 0.500000
0.433917 -0.435346 0.391992 -1.600000 0.396855 0.000000 0.500000
0.441656 -0.427577 0.379597 -1.600000 0.383991 0.000000 0.500000
0.449425 -0.419715 0.367391 -1.600000 0.371335 0.000000 0.500000
0.457224 -0.411761 0.355374 -1.600000 0.358886 0.000000 0.500000
0.465051 -0.403717 0.343545 -1.600000 0.346643 0.000000 0.500000
0.472907 -0.395586 0.331901 -1.600000 0.334603 0.000000 0.500000
0.480789 -0.387370 0.320443 -1.600000 0.322766 0.000000 0.500000
0.488698 -0.379070 0.309167 -1.600000 0.311130 0.000000 0.500000
0.496633 -0.370690 0.298074 -1.600000 0.299693 0.000000 0.500000
0.504593 -0.362232 0.287161 -1.600000 0.288454 0.000000 0.500000
0.512578 -0.353697 0.276427 -1.600000 0.277411 0.000000 0.500000
0.520585 -0.345088 0.265872 -1.600000 0.266563 0.000000 0.500000
0.528616 -0.336407 0.255493 -1.600000 0.255909 0.000000 0.500000
0.536669 -0.327657 0.245289 -1.600000 0.245447 0.000000 0.500000
0.544743 -0.318838 0.235260 -1.600000 0.235175 0.000000 0.500000
0.552838 -0.309955 0.225403 -1.600000 0.225092 0.000000 0.500000
0.560953 -0.301008 0.215717 -1.600000 0.215196 0.000000 0.500000
0.569087 -0.292001 0.206201 -1.600000 0.205486 0.000000 0.500000
0.577239 -0.282935 0.196855 -1.600000 0.195961 0.000000 0.500000
0.585410 -0.273812 0.187675 -1.600000 0.186618 0.000000 0.500000
0.593597 -0.264635 0.178661 -1.600000 0.177457 0.000000 0.500000
0.601800 -0.255405 0.169812 -1.600000 0.168476 0.000000 0.500000
0.610019 -0.246126 0.161127 -1.600000 0.159673 0.000000 0.500000
0.618253 -0.236799 0.152603 -1.600000 0.151047 0.000000 0.500000
0.626501 -0.227427 0.144240 -1.600000 0.142597 0.000000 0.500000
0.634762 -0.218011 0.136037 -1.600000 0.134321 0.000000 0.500000
0.643036 -0.208555 0.127991 -1.600000 0.126216 0.000000 0.500000
0.651321 -0.199059 0.120102 -1.600000 0.118283 0.000000 0.500000
0.659618 -0.189527 0.112368 -1.600000 0.110520 0.000000 0.500000
0.667925 -0.179960 0.104789 -1.600000 0.102924 0.000000 0.500000
0.676242 -0.170360 0.097362 -1.600000 0.095494 0.000000 0.500000
0.684567 -0.160731 0.090086 -1.600000 0.088230 0.000000 0.500000
0.692901 -0.151074 0.082960 -1.600000 0.081129 0.000000 0.500000
0.701243 -0.141391 0.075983 -1.600000 0.074190 0.000000 0.500000
0.709591 -0.131685 0.069154 -1.600000 0.067411 0.000000 0.500000
0.717945 -0.121957 0.062470 -1.600000 0.060791 0.000000 0.500000
0.726304 -0.112210 0.055931 -1.600000 0.054329 0.000000 0.500000
0.734668 -0.102446 0.049536 -1.600000 0.048022 0.000000 0.500000
0.743036 -0.092668 0.043282 -1.600000 0.041871 0.000000 0.500000
0.751406 -0.082877 0.037169 -1.600000 0.035871 0.000000 0.500000
0.759780 -0.073076 0.031195 -1.600000 0.030024 0.000000 0.500000
0.768154 -0.063267 0.025360 -1.600000 0.024326 0.000000 0.500000
0.776530 -0.053452 0.019661 -1.600000 0.018777 0.000000 0.500000
0.784905 -0.043633 0.014097 -1.600000 0.013375 0.000000 0.500000
0.793280 -0.033813 0.008668 -1.600000 0.008118 0.000000 0.500000
0.801654 -0.023993 0.003371 -1.600000 0.003005 0.000000 0.500000
0.810026 -0.014177 -0.001795 -1.600000 -0.001966 0.000000 0.500000
0.818395 -0.004365 -0.006830 -1.600000 -0.006795 0.000000 0.500000
0.826760 0.005439 -0.011737 -1.600000 -0.011485 0.000000 0.500000
0.835121 0.015234 -0.016517 -1.600000 -0.016037 0.000000 0.500000
0.843477 0.025016 -0.021170 -1.600000 -0.020453 0.000000 0.500000
0.851827 0.034785 -0.025699 -1.600000 -0.024734 0.000000 0.500000
0.860171 0.044538 -0.030105 -1.600000 -0.028881 0.000000 0.500000
0.868508 0.054273 -0.034388 -1.600000 -0.032897 0.000000 0.500000
0.876836 0.063986 -0.038551 -1.600000 -0.036782 0.000000 0.500000
0.885156 0.073678 -0.042594 -1.600000 -0.040537 0.000000 0.500000
0.893467 0.083344 -0.046520 -1.600000 -0.044166 0.000000 0.500000
0.901768 0.092983 -0.050328 -1.600000 -0.047669 0.000000 0.500000
0.910057 0.102593 -0.054022 -1.600000 -0.051047 0.000000 0.500000
0.918335 0.112171 -0.057601 -1.600000 -0.054302 0.000000 0.500000
0.926601 0.121715 -0.061068 -1.600000 -0.057435 0.000000 0.500000
0.934854 0.131224 -0.064423 -1.600000 -0.060449 0.000000 0.500000
0.943093 0.140694 -0.067669 -1.600000 -0.063344 0.000000 0.500000
0.951317 0.150124 -0.070805 -1.600000 -0.066123 0.000000 0.500000
0.959526 0.159511 -0.073834 -1.600000 -0.068786 0.000000 0.500000
0.967719 0.168854 -0.076758 -1.600000 -0.071334 0.000000 0.500000
0.975895 0.178150 -0.079576 -1.600000 -0.073771 0.000000 0.500000
0.984054 0.187396 -0.082292 -1.600000 -0.076096 0.000000 0.500000
0.992195 0.196591 -0.084905 -1.600000 -0.078312 0.000000 0.500000
1.000317 0.205733 -0.087417 -1.600000 -0.080420 0.000000 0.500000
1.008419 0.214819 -0.089830 -1.600000 -0.082422 0.000000 0.500000
1.016500 0.223847 -0.092146 -1.600000 -0.084318 0.000000 0.500000
1.024561 0.232814 -0.094364 -1.600000 -0.086112 0.000000 0.500000
1.032600 0.241719 -0.096487 -1.600000 -0.087803 0.000000 0.500000
1.040616 0.250560 -0.098516 -1.600000 -0.089393 0.000000 0.500000
1.048609 0.259334 -0.100452 -1.600000 -0.090885 0.000000 0.500000
1.056577 0.268039 -0.102297 -1.600000 -0.092279 0.000000 0.500000
1.064521 0.276673 -0.104052 -1.600000 -0.093577 0.000000 0.500000
1.072440 0.285233 -0.105719 -1.600000 -0.094781 0.000000 0.500000
1.080332 0.293718 -0.107298 -1.600000 -0.095892 0.000000 0.500000
1.088197 0.302125 -0.108791 -1.600000 -0.096911 0.000000 0.500000
1.096034 0.310452 -0.110199 -1.600000 -0.097840 0.000000 0.500000
1.103843 0.318697 -0.111524 -1.600000 -0.098681 0.000000 0.500000
1.111623 0.326857 -0.112766 -1.600000 -0.099435 0.000000 0.500000
1.119373 0.334931 -0.113928 -1.600000 -0.100103 0.000000 0.500000
1.127092 0.342916 -0.115011 -1.600000 -0.100688 0.000000 0.500000
1.134780 0.350810 -0.116016 -1.600000 -0.101190 0.000000 0.500000
1.142436 0.358611 -0.116944 -1.600000 -0.101610 0.000000 0.500000
1.150058 0.366316 -0.117797 -1.600000 -0.101952 0.000000 0.500000
1.157648 0.373924 -0.118575 -1.600000 -0.102215 0.000000 0.500000
1.165203 0.381432 -0.119281 -1.600000 -0.102402 0.000000 0.500000
1.172723 0.388838 -0.119916 -1.600000 -0.102514 0.000000 0.500000
1.180207 0.396140 -0.120480 -1.600000 -0.102552 0.000000 0.500000
1.187654 0.403335 -0.120976 -1.600000 -0.102519 0.000000 0.500000
1.195064 0.410422 -0.121404 -1.600000 -0.102415 0.000000 0.500000
1.202437 0.417398 -0.121767 -1.600000 -0.102242 0.000000 0.500000
1.209770 0.424261 -0.122064 -1.600000 -0.102001 0.000000 0.500000
1.217065 0.431008 -0.122299 -1.600000 -0.101694 0.000000 0.500000
1.224318 0.437639 -0.122471 -1.600000 -0.101323 0.000000 0.500000
1.231531 0.444149 -0.122583 -1.600000 -0.100889 0.000000 0.500000
1.238703 0.450538 -0.122635 -1.600000 -0.100393 0.000000 0.500000
1.245832 0.456803 -0.122629 -1.600000 -0.099838 0.000000 0.500000
1.252918 0.462941 -0.122566 -1.600000 -0.099224 0.000000 0.500000
1.259960 0.468951 -0.122448 -1.600000 -0.098553 0.000000 0.500000
1.266957 0.474831 -0.122276 -1.600000 -0.097826 0.000000 0.500000
1.273909 0.480578 -0.122052 -1.600000 -0.097045 0.000000 0.500000
1.280815 0.486189 -0.121776 -1.600000 -0.096212 0.000000 0.500000
1.287675 0.491664 -0.121450 -1.600000 -0.095328 0.000000 0.500000
1.294486 0.496999 -0.121075 -1.600000 -0.094394 0.000000 0.500000
1.301250 0.502192 -0.120653 -1.600000 -0.093412 0.000000 0.500000
1.307965 0.507241 -0.120184 -1.600000 -0.092384 0.000000 0.500000
1.314629 0.512145 -0.119671 -1.600000 -0.091311 0.000000 0.500000
1.321244 0.516900 -0.119115 -1.600000 -0.090194 0.000000 0.500000
1.327807 0.521505 -0.118517 -1.600000 -0.089035 0.000000 0.500000
1.334318 0.525957 -0.117878 -1.600000 -0.087836 0.000000 0.500000
1.340777 0.530254 -0.117199 -1.600000 -0.086598 0.000000 0.500000
1.347182 0.534394 -0.116483 -1.600000 -0.085322 0.000000 0.500000
1.353533 0.538375 -0.115729 -1.600000 -0.084010 0.000000 0.500000
1.359829 0.542194 -0.114941 -1.600000 -0.082663 0.000000 0.500000
1.366070 0.545850 -0.114118 -1.600000 -0.081284 0.000000 0.500000
1.372255 0.549340 -0.113263 -1.600000 -0.079873 0.000000 0.500000
1.378382 0.552662 -0.112376 -1.600000 -0.078432 0.000000 0.500000
1.384451 0.555814 -0.111459 -1.600000 -0.076962 0.000000 0.500000
1.390462 0.558793 -0.110513 -1.600000 -0.075466 0.000000 0.500000
1.396414 0.561597 -0.109540 -1.600000 -0.073944 0.000000 0.500000
1.402306 0.564225 -0.108541 -1.600000 -0.072397 0.000000 0.500000
1.408137 0.566673 -0.107518 -1.600000 -0.070829 0.000000 0.500000
1.413907 0.568940 -0.106471 -1.600000 -0.069239 0.000000 0.500000
1.419614 0.571024 -0.105401 -1.600000 -0.067630 0.000000 0.500000
1.425259 0.572922 -0.104311 -1.600000 -0.066002 0.000000 0.500000
1.430840 0.574632 -0.103202 -1.600000 -0.064358 0.000000 0.500000
1.436356 0.576153 -0.102075 -1.600000 -0.062700 0.000000 0.500000
1.441808 0.577480 -0.100931 -1.600000 -0.061027 0.000000 0.500000
1.447193 0.578614 -0.099771 -1.600000 -0.059343 0.000000 0.500000
1.452513 0.579550 -0.098598 -1.600000 -0.057648 0.000000 0.500000
1.457764 0.580288 -0.097412 -1.600000 -0.055943 0.000000 0.500000
1.462948 0.580825 -0.096214 -1.600000 -0.054232 0.000000 0.500000
1.468063 0.581158 -0.095006 -1.600000 -0.052514 0.000000 0.500000
1.473108 0.581286 -0.093790 -1.600000 -0.050792 0.000000 0.500000
1.478083 0.581206 -0.092566 -1.600000 -0.049067 0.000000 0.500000
1.482988 0.580916 -0.091336 -1.600000 -0.047340 0.000000 0.500000
1.487820 0.580415 -0.090101 -1.600000 -0.045613 0.000000 0.500000
1.492580 0.579699 -0.088863 -1.600000 -0.043887 0.000000 0.500000
1.497267 0.578766 -0.087623 -1.600000 -0.042165 0.000000 0.500000
1.501880 0.577615 -0.086382 -1.600000 -0.040447 0.000000 0.500000
1.506418 0.576242 -0.085142 -1.600000 -0.038735 0.000000 0.500000
1.510881 0.574647 -0.083904 -1.600000 -0.037030 0.000000 0.500000
1.515268 0.572826 -0.082669 -1.600000 -0.035334 0.000000 0.500000
1.519578 0.570778 -0.081438 -1.600000 -0.033649 0.000000 0.500000
1.523810 0.568500 -0.080214 -1.600000 -0.031975 0.000000 0.500000
1.527964 0.565990 -0.078997 -1.600000 -0.030315 0.000000 0.500000
1.532040 0.563247 -0.077788 -1.600000 -0.028670 0.000000 0.500000
1.536035 0.560266 -0.076589 -1.600000 -0.027042 0.000000 0.500000
1.539950 0.557048 -0.075402 -1.600000 -0.025431 0.000000 0.500000
1.543783 0.553588 -0.074227 -1.600000 -0.023840 0.000000 0.500000
1.547535 0.549886 -0.073066 -1.600000 -0.022270 0.000000 0.500000
1.551204 0.545938 -0.071921 -1.600000 -0.020722 0.000000 0.500000
1.554789 0.541743 -0.070792 -1.600000 -0.019198 0.000000 0.500000
1.558290 0.537299 -0.069680 -1.600000 -0.017699 0.000000 0.500000
1.561707 0.532603 -0.068589 -1.600000 -0.016228 0.000000 0.500000
1.565038 0.527653 -0.067517 -1.600000 -0.014784 0.000000 0.500000
1.568282 0.522446 -0.066468 -1.600000 -0.013371 0.000000 0.500000
1.571439 0.516982 -0.065442 -1.600000 -0.011989 0.000000 0.500000
1.574509 0.511257 -0.064440 -1.600000 -0.010640 0.000000 0.500000
1.577490 0.505269 -0.063465 -1.600000 -0.009326 0.000000 0.500000
1.580381 0.499016 -0.062516 -1.600000 -0.008047 0.000000 0.500000
1.583183 0.492496 -0.061597 -1.600000 -0.006806 0.000000 0.500000
1.585893 0.485706 -0.060707 -1.600000 -0.005604 0.000000 0.500000
1.588513 0.478649 -0.059848 -1.600000 -0.004441 0.000000 0.500000
1.591044 0.471328 -0.059018 -1.600000 -0.003318 0.000000 0.500000
1.593486 0.463749 -0.058219 -1.600000 -0.002233 0.000000 0.500000
1.595840 0.455918 -0.057450 -1.600000 -0.001187 0.000000 0.500000
1.598108 0.447841 -0.056709 -1.600000 -0.000178 0.000000 0.500000
1.600291 0.439523 -0.055997 -1.600000 0.000794 0.000000 0.500000
1.602390 0.430969 -0.055314 -1.600000 0.001728 0.000000 0.500000
1.604407 0.422186 -0.054658 -1.600000 0.002627 0.000000 0.500000
1.606341 0.413179 -0.054030 -1.600000 0.003489 0.000000 0.500000
1.608196 0.403954 -0.053429 -1.600000 0.004317 0.000000 0.500000
1.609971 0.394515 -0.052854 -1.600000 0.005109 0.000000 0.500000
1.611668 0.384870 -0.052306 -1.600000 0.005868 0.000000 0.500000
1.613287 0.375023 -0.051783 -1.600000 0.006592 0.000000 0.500000
1.614832 0.364980 -0.051286 -1.600000 0.007284 0.000000 0.500000
1.616301 0.354747 -0.050814 -1.600000 0.007942 0.000000 0.500000
1.617697 0.344330 -0.050367 -1.600000 0.008569 0.000000 0.500000
1.619021 0.333733 -0.049944 -1.600000 0.009164 0.000000 0.500000
1.620273 0.322963 -0.049545 -1.600000 0.009727 0.000000 0.500000
1.621456 0.312025 -0.049169 -1.600000 0.010260 0.000000 0.500000
1.622569 0.300925 -0.048816 -1.600000 0.010762 0.000000 0.500000
1.623615 0.289668 -0.048486 -1.600000 0.011235 0.000000 0.500000
1.624594 0.278260 -0.048178 -1.600000 0.011678 0.000000 0.500000
1.625508 0.266707 -0.047892 -1.600000 0.012093 0.000000 0.500000
1.626358 0.255015 -0.047628 -1.600000 0.012479 0.000000 0.500000
1.627145 0.243188 -0.047384 -1.600000 0.012838 0.000000 0.500000
1.627869 0.231232 -0.047161 -1.600000 0.013169 0.000000 0.500000
1.628533 0.219154 -0.046959 -1.600000 0.013474 0.000000 0.500000
1.629138 0.206959 -0.046776 -1.600000 0.013752 0.000000 0.500000
1.629683 0.194652 -0.046613 -1.600000 0.014005 0.000000 0.500000
1.630172 0.182239 -0.046468 -1.600000 0.014232 0.000000 0.500000
1.630605 0.169725 -0.046342 -1.600000 0.014434 0.000000 0.500000
1.630982 0.157117 -0.046235 -1.600000 0.014613 0.000000 0.500000
1.631306 0.144420 -0.046145 -1.600000 0.014767 0.000000 0.500000
1.631577 0.131639 -0.046073 -1.600000 0.014899 0.000000 0.500000
1.631797 0.118780 -0.046018 -1.600000 0.015007 0.000000 0.500000
1.631966 0.105849 -0.045979 -1.600000 0.015093 0.000000 0.500000
1.632086 0.092851 -0.045957 -1.600000 0.015158 0.000000 0.500000
1.632158 0.079793 -0.045950 -1.600000 0.015201 0.000000 0.500000
1.632184 0.066678 -0.045959 -1.600000 0.015224 0.000000 0.500000
1.632163 0.053514 -0.045983 -1.600000 0.015226 0.000000 0.500000
1.632098 0.040306 -0.046021 -1.600000 0.015208 0.000000 0.500000
1.631990 0.027059 -0.046074 -1.600000 0.015172 0.000000 0.500000
1.631839 0.013780 -0.046140 -1.600000 0.015116 0.000000 0.500000
1.631647 0.000473 -0.046220 -1.600000 0.015042 0.000000 0.500000
1.631416 -0.012856 -0.046313 -1.600000 0.014951 0.000000 0.500000
1.631146 -0.026201 -0.046419 -1.600000 0.014842 0.000000 0.500000
1.630838 -0.039557 -0.046536 -1.600000 0.014716 0.000000 0.500000
1.630493 -0.052917 -0.046666 -1.600000 0.014574 0.000000 0.500000
1.630114 -0.066276 -0.046807 -1.600000 0.014417 0.000000 0.500000
1.629700 -0.079630 -0.046958 -1.600000 0.014244 0.000000 0.500000
1.629253 -0.092971 -0.047121 -1.600000 0.014056 0.000000 0.500000
1.628775 -0.106294 -0.047294 -1.600000 0.013854 0.000000 0.500000
1.628266 -0.119595 -0.047476 -1.600000 0.013639 0.000000 0.500000
1.627727 -0.132866 -0.047668 -1.600000 0.013410 0.000000 0.500000
1.627160 -0.146103 -0.047869 -1.600000 0.013168 0.000000 0.500000
1.626566 -0.159300 -0.048078 -1.600000 0.012914 0.000000 0.500000
1.625946 -0.172451 -0.048296 -1.600000 0.012648 0.000000 0.500000
1.625301 -0.185551 -0.048521 -1.600000 0.012371 0.000000 0.500000
1.624633 -0.198594 -0.048754 -1.600000 0.012083 0.000000 0.500000
1.623941 -0.211575 -0.048994 -1.600000 0.011785 0.000000 0.500000
1.623229 -0.224487 -0.049240 -1.600000 0.011477 0.000000 0.500000
1.622496 -0.237325 -0.049492 -1.600000 0.011160 0.000000 0.500000
1.621744 -0.250084 -0.049751 -1.600000 0.010834 0.000000 0.500000
1.620975 -0.262758 -0.050014 -1.600000 0.010500 0.000000 0.500000
1.620188 -0.275342 -0.050283 -1.600000 0.010158 0.000000 0.500000
1.619386 -0.287829 -0.050556 -1.600000 0.009809 0.000000 0.500000
1.618570 -0.300214 -0.050833 -1.600000 0.009453 0.000000 0.500000
1.617740 -0.312492 -0.051114 -1.600000 0.009091 0.000000 0.500000
1.616898 -0.324656 -0.051399 -1.600000 0.008723 0.000000 0.500000
1.616046 -0.336702 -0.051686 -1.600000 0.008350 0.000000 0.500000
1.615183 -0.348624 -0.051976 -1.600000 0.007972 0.000000 0.500000
1.614312 -0.360415 -0.052269 -1.600000 0.007589 0.000000 0.500000
1.613433 -0.372071 -0.052562 -1.600000 0.007203 0.000000 0.500000
1.612548 -0.383586 -0.052858 -1.600000 0.006814 0.000000 0.500000
1.611658 -0.394953 -0.053154 -1.600000 0.006422 0.000000 0.500000
1.610764 -0.406169 -0.053451 -1.600000 0.006027 0.000000 0.500000
1.609867 -0.417226 -0.053748 -1.600000 0.005631 0.000000 0.500000
1.608968 -0.428120 -0.054044 -1.600000 0.005233 0.000000 0.500000
1.608069 -0.438844 -0.054340 -1.600000 0.004835 0.000000 0.500000
1.607170 -0.449393 -0.054635 -1.600000 0.004437 0.000000 0.500000
1.606274 -0.459762 -0.054929 -1.600000 0.004038 0.000000 0.500000
1.605380 -0.469945 -0.055221 -1.600000 0.003641 0.000000 0.500000
1.604490 -0.479936 -0.055510 -1.600000 0.003244 0.000000 0.500000
1.603606 -0.489729 -0.055797 -1.600000 0.002850 0.000000 0.500000
1.602728 -0.499319 -0.056080 -1.600000 0.002457 0.000000 0.500000
1.601857 -0.508701 -0.056361 -1.600000 0.002067 0.000000 0.500000
1.600996 -0.517869 -0.056637 -1.600000 0.001681 0.000000 0.500000
1.600144 -0.526816 -0.056909 -1.600000 0.001298 0.000000 0.500000
1.599303 -0.535539 -0.057176 -1.600000 0.000920 0.000000 0.500000
1.598475 -0.544030 -0.057439 -1.600000 0.000546 0.000000 0.500000
1.597659 -0.552284 -0.057696 -1.600000 0.000177 0.000000 0.500000
1.596859 -0.560296 -0.057947 -1.600000 -0.000186 0.000000 0.500000
1.596074 -0.568060 -0.058191 -1.600000 -0.000542 0.000000 0.500000
1.595306 -0.575570 -0.058429 -1.600000 -0.000892 0.000000 0.500000
1.594556 -0.582821 -0.058660 -1.600000 -0.001235 0.000000 0.500000
1.593825 -0.589808 -0.058884 -1.600000 -0.001570 0.000000 0.500000
1.593114 -0.596523 -0.059100 -1.600000 -0.001897 0.000000 0.500000
1.592425 -0.602963 -0.059307 -1.600000 -0.002215 0.000000 0.500000
1.591759 -0.609121 -0.059505 -1.600000 -0.002524 0.000000 0.500000
1.591116 -0.614992 -0.059695 -1.600000 -0.002823 0.000000 0.500000
1.590498 -0.620570 -0.059875 -1.600000 -0.003112 0.000000 0.500000
1.589907 -0.625849 -0.060045 -1.600000 -0.003390 0.000000 0.500000
1.589342 -0.630825 -0.060205 -1.600000 -0.003658 0.000000 0.500000
1.588807 -0.635490 -0.060354 -1.600000 -0.003913 0.000000 0.500000
1.588300 -0.639840 -0.060492 -1.600000 -0.004156 0.000000 0.500000
1.587825 -0.643869 -0.060619 -1.600000 -0.004386 0.000000 0.500000
1.587381 -0.647571 -0.060734 -1.600000 -0.004604 0.000000 0.500000
1.586970 -0.650942 -0.060836 -1.600000 -0.004807 0.000000 0.500000
1.586594 -0.653974 -0.060926 -1.600000 -0.004996 0.000000 0.500000
1.586253 -0.656663 -0.061003 -1.600000 -0.005171 0.000000 0.500000
1.585949 -0.659002 -0.061066 -1.600000 -0.005330 0.000000 0.500000
1.585682 -0.660987 -0.061115 -1.600000 -0.005474 0.000000 0.500000
1.585454 -0.662612 -0.061150 -1.600000 -0.005601 0.000000 0.500000
1.585266 -0.663870 -0.061170 -1.600000 -0.005712 0.000000 0.500000
1.585120 -0.664757 -0.061175 -1.600000 -0.005806 0.000000 0.500000
1.585015 -0.665267 -0.061165 -1.600000 -0.005881 0.000000 0.500000
1.584954 -0.665395 -0.061138 -1.600000 -0.005939 0.000000 0.500000
1.584938 -0.665133 -0.061095 -1.600000 -0.005978 0.000000 0.500000
1.584968 -0.664476 -0.061036 -1.600000 -0.005997 0.000000 0.500000
1.585044 -0.663421 -0.060960 -1.600000 -0.005997 0.000000 0.500000
1.585168 -0.661968 -0.060866 -1.600000 -0.005978 0.000000 0.500000
1.585337 -0.660121 -0.060756 -1.600000 -0.005939 0.000000 0.500000
1.585550 -0.657885 -0.060630 -1.600000 -0.005881 0.000000 0.500000
1.585807 -0.655268 -0.060487 -1.600000 -0.005806 0.000000 0.500000
1.586106 -0.652275 -0.060330 -1.600000 -0.005712 0.000000 0.500000
1.586446 -0.648912 -0.060158 -1.600000 -0.005601 0.000000 0.500000
1.586825 -0.645185 -0.059972 -1.600000 -0.005474 0.000000 0.500000
1.587243 -0.641100 -0.059772 -1.600000 -0.005330 0.000000 0.500000
1.587697 -0.636663 -0.059558 -1.600000 -0.005171 0.000000 0.500000
1.588188 -0.631880 -0.059332 -1.600000 -0.004996 0.000000 0.500000
1.588714 -0.626757 -0.059093 -1.600000 -0.004807 0.000000 0.500000
1.589273 -0.621299 -0.058842 -1.600000 -0.004604 0.000000 0.500000
1.589864 -0.615513 -0.058580 -1.600000 -0.004386 0.000000 0.500000
1.590486 -0.609404 -0.058307 -1.600000 -0.004156 0.000000 0.500000
1.591138 -0.602979 -0.058023 -1.600000 -0.003913 0.000000 0.500000
1.591819 -0.596244 -0.057729 -1.600000 -0.003658 0.000000 0.500000
1.592527 -0.589203 -0.057425 -1.600000 -0.003390 0.000000 0.500000
1.593261 -0.581864 -0.057112 -1.600000 -0.003112 0.000000 0.500000
1.594020 -0.574232 -0.056791 -1.600000 -0.002823 0.000000 0.500000
1.594803 -0.566314 -0.056461 -1.600000 -0.002524 0.000000 0.500000
1.595609 -0.558114 -0.056123 -1.600000 -0.002215 0.000000 0.500000
1.596435 -0.549639 -0.055779 -1.600000 -0.001897 0.000000 0.500000
1.597282 -0.540895 -0.055427 -1.600000 -0.001570 0.000000 0.500000
1.598147 -0.531888 -0.055069 -1.600000 -0.001235 0.000000 0.500000
1.599030 -0.522624 -0.054705 -1.600000 -0.000892 0.000000 0.500000
1.599930 -0.513109 -0.054335 -1.600000 -0.000542 0.000000 0.500000
1.600844 -0.503348 -0.053961 -1.600000 -0.000186 0.000000 0.500000
1.601773 -0.493347 -0.053582 -1.600000 0.000177 0.000000 0.500000
1.602714 -0.483114 -0.053199 -1.600000 0.000546 0.000000 0.500000
1.603667 -0.472652 -0.052813 -1.600000 0.000920 0.000000 0.500000
1.604630 -0.461969 -0.052423 -1.600000 0.001298 0.000000 0.500000
1.605602 -0.451070 -0.052030 -1.600000 0.001681 0.000000 0.500000
1.606582 -0.439961 -0.051636 -1.600000 0.002067 0.000000 0.500000
1.607568 -0.428649 -0.051240 -1.600000 0.002457 0.000000 0.500000
1.608560 -0.417138 -0.050842 -1.600000 0.002850 0.000000 0.500000
1.609556 -0.405435 -0.050444 -1.600000 0.003244 0.000000 0.500000
1.610555 -0.393547 -0.050045 -1.600000 0.003641 0.000000 0.500000
1.611556 -0.381478 -0.049647 -1.600000 0.004038 0.000000 0.500000
1.612557 -0.369235 -0.049249 -1.600000 0.004437 0.000000 0.500000
1.613557 -0.356823 -0.048852 -1.600000 0.004835 0.000000 0.500000
1.614556 -0.344250 -0.048457 -1.600000 0.005233 0.000000 0.500000
1.615551 -0.331519 -0.048063 -1.600000 0.005631 0.000000 0.500000
1.616542 -0.318638 -0.047673 -1.600000 0.006027 0.000000 0.500000
1.617527 -0.305613 -0.047285 -1.600000 0.006422 0.000000 0.500000
1.618506 -0.292449 -0.046900 -1.600000 0.006814 0.000000 0.500000
1.619476 -0.279152 -0.046520 -1.600000 0.007203 0.000000 0.500000
1.620437 -0.265729 -0.046143 -1.600000 0.007589 0.000000 0.500000
1.621388 -0.252184 -0.045772 -1.600000 0.007972 0.000000 0.500000
1.622326 -0.238525 -0.045406 -1.600000 0.008350 0.000000 0.500000
1.623252 -0.224756 -0.045045 -1.600000 0.008723 0.000000 0.500000
1.624164 -0.210884 -0.044691 -1.600000 0.009091 0.000000 0.500000
1.625060 -0.196916 -0.044343 -1.600000 0.009453 0.000000 0.500000
1.625940 -0.182856 -0.044002 -1.600000 0.009809 0.000000 0.500000
1.626802 -0.168710 -0.043670 -1.600000 0.010158 0.000000 0.500000
1.627644 -0.154485 -0.043345 -1.600000 0.010500 0.000000 0.500000
1.628467 -0.140187 -0.043028 -1.600000 0.010834 0.000000 0.500000
1.629268 -0.125822 -0.042721 -1.600000 0.011160 0.000000 0.500000
1.630046 -0.111394 -0.042423 -1.600000 0.011477 0.000000 0.500000
1.630800 -0.096911 -0.042135 -1.600000 0.011785 0.000000 0.500000
1.631529 -0.082378 -0.041857 -1.600000 0.012083 0.000000 0.500000
1.632232 -0.067802 -0.041590 -1.600000 0.012371 0.000000 0.500000
1.632907 -0.053187 -0.041335 -1.600000 0.012648 0.000000 0.500000
1.633553 -0.038541 -0.041091 -1.600000 0.012914 0.000000 0.500000
1.634169 -0.023869 -0.040860 -1.600000 0.013168 0.000000 0.500000
1.634754 -0.009176 -0.040641 -1.600000 0.013410 0.000000 0.500000
1.635307 0.005531 -0.040435 -1.600000 0.013639 0.000000 0.500000
1.635825 0.020246 -0.040243 -1.600000 0.013854 0.000000 0.500000
1.636309 0.034963 -0.040065 -1.600000 0.014056 0.000000 0.500000
1.636756 0.049677 -0.039902 -1.600000 0.014244 0.000000 0.500000
1.637166 0.064381 -0.039754 -1.600000 0.014417 0.000000 0.500000
1.637538 0.079070 -0.039621 -1.600000 0.014574 0.000000 0.500000
1.637870 0.093737 -0.039504 -1.600000 0.014716 0.000000 0.500000
1.638160 0.108377 -0.039404 -1.600000 0.014842 0.000000 0.500000
1.638408 0.122984 -0.039321 -1.600000 0.014951 0.000000 0.500000
1.638613 0.137551 -0.039255 -1.600000 0.015042 0.000000 0.500000
1.638773 0.152074 -0.039206 -1.600000 0.015116 0.000000 0.500000
1.638887 0.166545 -0.039176 -1.600000 0.015172 0.000000 0.500000
1.638954 0.180959 -0.039165 -1.600000 0.015208 0.000000 0.500000
1.638973 0.195311 -0.039173 -1.600000 0.015226 0.000000 0.500000
1.638942 0.209594 -0.039201 -1.600000 0.015224 0.000000 0.500000
1.638860 0.223802 -0.039249 -1.600000 0.015201 0.000000 0.500000
1.638726 0.237929 -0.039317 -1.600000 0.015158 0.000000 0.500000
1.638538 0.251970 -0.039407 -1.600000 0.015093 0.000000 0.500000
1.638296 0.265918 -0.039518 -1.600000 0.015007 0.000000 0.500000
1.637999 0.279768 -0.039651 -1.600000 0.014899 0.000000 0.500000
1.637644 0.293513 -0.039807 -1.600000 0.014767 0.000000 0.500000
1.637232 0.307148 -0.039986 -1.600000 0.014613 0.000000 0.500000
1.636760 0.320667 -0.040188 -1.600000 0.014434 0.000000 0.500000
1.636227 0.334063 -0.040413 -1.600000 0.014232 0.000000 0.500000
1.635632 0.347332 -0.040664 -1.600000 0.014005 0.000000 0.500000
1.634975 0.360466 -0.040939 -1.600000 0.013752 0.000000 0.500000
1.634253 0.373460 -0.041239 -1.600000 0.013474 0.000000 0.500000
1.633465 0.386309 -0.041565 -1.600000 0.013169 0.000000 0.500000
1.632611 0.399006 -0.041918 -1.600000 0.012838 0.000000 0.500000
1.631689 0.411545 -0.042297 -1.600000 0.012479 0.000000 0.500000
1.630698 0.423920 -0.042703 -1.600000 0.012093 0.000000 0.500000
1.629636 0.436126 -0.043136 -1.600000 0.011678 0.000000 0.500000
1.628503 0.448156 -0.043598 -1.600000 0.011235 0.000000 0.500000
1.627297 0.460005 -0.044089 -1.600000 0.010762 0.000000 0.500000
1.626017 0.471666 -0.044608 -1.600000 0.010260 0.000000 0.500000
1.624661 0.483134 -0.045157 -1.600000 0.009727 0.000000 0.500000
1.623229 0.494403 -0.045735 -1.600000 0.009164 0.000000 0.500000
1.621719 0.505466 -0.046345 -1.600000 0.008569 0.000000 0.500000
1.620131 0.516319 -0.046985 -1.600000 0.007942 0.000000 0.500000
1.618462 0.526954 -0.047656 -1.600000 0.007284 0.000000 0.500000
1.616712 0.537367 -0.048359 -1.600000 0.006592 0.000000 0.500000
1.614879 0.547551 -0.049094 -1.600000 0.005868 0.000000 0.500000
1.612962 0.557499 -0.049863 -1.600000 0.005109 0.000000 0.500000
1.610960 0.567207 -0.050664 -1.600000 0.004317 0.000000 0.500000
1.608872 0.576669 -0.051499 -1.600000 0.003489 0.000000 0.500000
1.606697 0.585878 -0.052368 -1.600000 0.002627 0.000000 0.500000
1.604432 0.594828 -0.053272 -1.600000 0.001728 0.000000 0.500000
1.602078 0.603514 -0.054210 -1.600000 0.000794 0.000000 0.500000
1.599633 0.611929 -0.055185 -1.600000 -0.000178 0.000000 0.500000
1.597095 0.620068 -0.056195 -1.600000 -0.001187 0.000000 0.500000
1.594463 0.627925 -0.057242 -1.600000 -0.002233 0.000000 0.500000
1.591737 0.635494 -0.058325 -1.600000 -0.003318 0.000000 0.500000
1.588915 0.642768 -0.059446 -1.600000 -0.004441 0.000000 0.500000
1.585995 0.649742 -0.060605 -1.600000 -0.005604 0.000000 0.500000
1.582977 0.656411 -0.061802 -1.600000 -0.006806 0.000000 0.500000
1.579861 0.662775 -0.063037 -1.600000 -0.008047 0.000000 0.500000
1.576647 0.668834 -0.064307 -1.600000 -0.009326 0.000000 0.500000
1.573336 0.674592 -0.065613 -1.600000 -0.010640 0.000000 0.500000
1.569930 0.680052 -0.066951 -1.600000 -0.011989 0.000000 0.500000
1.566429 0.685216 -0.068321 -1.600000 -0.013371 0.000000 0.500000
1.562834 0.690087 -0.069721 -1.600000 -0.014784 0.000000 0.500000
1.559145 0.694668 -0.071150 -1.600000 -0.016228 0.000000 0.500000
1.555365 0.698960 -0.072606 -1.600000 -0.017699 0.000000 0.500000
1.551493 0.702968 -0.074088 -1.600000 -0.019198 0.000000 0.500000
1.547530 0.706692 -0.075594 -1.600000 -0.020722 0.000000 0.500000
1.543478 0.710136 -0.077124 -1.600000 -0.022270 0.000000 0.500000
1.539336 0.713303 -0.078674 -1.600000 -0.023840 0.000000 0.500000
1.535107 0.716195 -0.080245 -1.600000 -0.025431 0.000000 0.500000
1.530790 0.718814 -0.081834 -1.600000 -0.027042 0.000000 0.500000
1.526388 0.721164 -0.083440 -1.600000 -0.028670 0.000000 0.500000
1.521900 0.723247 -0.085062 -1.600000 -0.030315 0.000000 0.500000
1.517327 0.725065 -0.086698 -1.600000 -0.031975 0.000000 0.500000
1.512670 0.726622 -0.088346 -1.600000 -0.033649 0.000000 0.500000
1.507931 0.727919 -0.090006 -1.600000 -0.035334 0.000000 0.500000
1.503110 0.728959 -0.091675 -1.600000 -0.037030 0.000000 0.500000
1.498207 0.729746 -0.093353 -1.600000 -0.038735 0.000000 0.500000
1.493225 0.730281 -0.095038 -1.600000 -0.040447 0.000000 0.500000
1.488163 0.730567 -0.096728 -1.600000 -0.042165 0.000000 0.500000
1.483022 0.730607 -0.098421 -1.600000 -0.043887 0.000000 0.500000
1.477804 0.730403 -0.100118 -1.600000 -0.045613 0.000000 0.500000
1.472509 0.729958 -0.101815 -1.600000 -0.047340 0.000000 0.500000
1.467137 0.729275 -0.103512 -1.600000 -0.049067 0.000000 0.500000
1.461691 0.728356 -0.105207 -1.600000 -0.050792 0.000000 0.500000
1.456171 0.727204 -0.106898 -1.600000 -0.052514 0.000000 0.500000
1.450577 0.725821 -0.108585 -1.600000 -0.054232 0.000000 0.500000
1.444911 0.724210 -0.110265 -1.600000 -0.055943 0.000000 0.500000
1.439173 0.722374 -0.111937 -1.600000 -0.057648 0.000000 0.500000
1.433364 0.720315 -0.113601 -1.600000 -0.059343 0.000000 0.500000
1.427485 0.718036 -0.115253 -1.600000 -0.061027 0.000000 0.500000
1.421538 0.715539 -0.116894 -1.600000 -0.062700 0.000000 0.500000
1.415522 0.712828 -0.118520 -1.600000 -0.064358 0.000000 0.500000
1.409438 0.709904 -0.120132 -1.600000 -0.066002 0.000000 0.500000
1.403289 0.706770 -0.121727 -1.600000 -0.067630 0.000000 0.500000
1.397073 0.703429 -0.123304 -1.600000 -0.069239 0.000000 0.500000
1.390793 0.699884 -0.124862 -1.600000 -0.070829 0.000000 0.500000
1.384449 0.696136 -0.126399 -1.600000 -0.072397 0.000000 0.500000
1.378042 0.692190 -0.127913 -1.600000 -0.073944 0.000000 0.500000
1.371572 0.688047 -0.129403 -1.600000 -0.075466 0.000000 0.500000
1.365042 0.683709 -0.130869 -1.600000 -0.076962 0.000000 0.500000
1.358451 0.679180 -0.132307 -1.600000 -0.078432 0.000000 0.500000
1.351800 0.674462 -0.133717 -1.600000 -0.079873 0.000000 0.500000
1.345090 0.669558 -0.135098 -1.600000 -0.081284 0.000000 0.500000
1.338323 0.664471 -0.136447 -1.600000 -0.082663 0.000000 0.500000
1.331499 0.659202 -0.137764 -1.600000 -0.084010 0.000000 0.500000
1.324618 0.653754 -0.139046 -1.600000 -0.085322 0.000000 0.500000
1.317682 0.648131 -0.140293 -1.600000 -0.086598 0.000000 0.500000
1.310692 0.642335 -0.141504 -1.600000 -0.087836 0.000000 0.500000
1.303648 0.636368 -0.142675 -1.600000 -0.089035 0.000000 0.500000
1.296552 0.630233 -0.143807 -1.600000 -0.090194 0.000000 0.500000
1.289403 0.623932 -0.144897 -1.600000 -0.091311 0.000000 0.500000
1.282204 0.617469 -0.145945 -1.600000 -0.092384 0.000000 0.500000
1.274955 0.610846 -0.146948 -1.600000 -0.093412 0.000000 0.500000
1.267656 0.604065 -0.147905 -1.600000 -0.094394 0.000000 0.500000
1.260309 0.597128 -0.148816 -1.600000 -0.095328 0.000000 0.500000
1.252914 0.590040 -0.149677 -1.600000 -0.096212 0.000000 0.500000
1.245472 0.582802 -0.150489 -1.600000 -0.097045 0.000000 0.500000
1.237985 0.575416 -0.151249 -1.600000 -0.097826 0.000000 0.500000
1.230453 0.567886 -0.151955 -1.600000 -0.098553 0.000000 0.500000
1.222877 0.560214 -0.152608 -1.600000 -0.099224 0.000000 0.500000
1.215257 0.552403 -0.153204 -1.600000 -0.099838 0.000000 0.500000
1.207595 0.544455 -0.153743 -1.600000 -0.100393 0.000000 0.500000
1.199892 0.536373 -0.154222 -1.600000 -0.100889 0.000000 0.500000
1.192147 0.528159 -0.154642 -1.600000 -0.101323 0.000000 0.500000
1.184363 0.519816 -0.155000 -1.600000 -0.101694 0.000000 0.500000
1.176541 0.511347 -0.155294 -1.600000 -0.102001 0.000000 0.500000
1.168680 0.502754 -0.155524 -1.600000 -0.102242 0.000000 0.500000
1.160781 0.494041 -0.155687 -1.600000 -0.102415 0.000000 0.500000
1.152847 0.485208 -0.155783 -1.600000 -0.102519 0.000000 0.500000
1.144877 0.476260 -0.155810 -1.600000 -0.102552 0.000000 0.500000
1.136872 0.467199 -0.155766 -1.600000 -0.102514 0.000000 0.500000
1.128834 0.458026 -0.155650 -1.600000 -0.102402 0.000000 0.500000
1.120762 0.448746 -0.155461 -1.600000 -0.102215 0.000000 0.500000
1.112659 0.439360 -0.155196 -1.600000 -0.101952 0.000000 0.500000
1.104524 0.429872 -0.154855 -1.600000 -0.101610 0.000000 0.500000
1.096359 0.420283 -0.154436 -1.600000 -0.101190 0.000000 0.500000
1.088165 0.410597 -0.153938 -1.600000 -0.100688 0.000000 0.500000
1.079942 0.400815 -0.153359 -1.600000 -0.100103 0.000000 0.500000
1.071691 0.390941 -0.152698 -1.600000 -0.099435 0.000000 0.500000
1.063414 0.380977 -0.151953 -1.600000 -0.098681 0.000000 0.500000
1.055110 0.370926 -0.151123 -1.600000 -0.097840 0.000000 0.500000
1.046781 0.360791 -0.150206 -1.600000 -0.096911 0.000000 0.500000
1.038428 0.350573 -0.149202 -1.600000 -0.095892 0.000000 0.500000
1.030051 0.340276 -0.148107 -1.600000 -0.094781 0.000000 0.500000
1.021652 0.329902 -0.146922 -1.600000 -0.093577 0.000000 0.500000
1.013231 0.319454 -0.145644 -1.600000 -0.092279 0.000000 0.500000
1.004789 0.308935 -0.144272 -1.600000 -0.090885 0.000000 0.500000
0.996328 0.298346 -0.142804 -1.600000 -0.089393 0.000000 0.500000
0.987847 0.287691 -0.141240 -1.600000 -0.087803 0.000000 0.500000
0.979348 0.276973 -0.139577 -1.600000 -0.086112 0.000000 0.500000
0.970831 0.266193 -0.137815 -1.600000 -0.084318 0.000000 0.500000
0.962298 0.255354 -0.135951 -1.600000 -0.082422 0.000000 0.500000
0.953749 0.244460 -0.133985 -1.600000 -0.080420 0.000000 0.500000
0.945185 0.233513 -0.131914 -1.600000 -0.078312 0.000000 0.500000
0.936608 0.222514 -0.129738 -1.600000 -0.076096 0.000000 0.500000
0.928017 0.211468 -0.127455 -1.600000 -0.073771 0.000000 0.500000
0.919414 0.200376 -0.125063 -1.600000 -0.071334 0.000000 0.500000
0.910799 0.189241 -0.122561 -1.600000 -0.068786 0.000000 0.500000
0.902175 0.178066 -0.119947 -1.600000 -0.066123 0.000000 0.500000
0.893540 0.166853 -0.117221 -1.600000 -0.063344 0.000000 0.500000
0.884896 0.155605 -0.114380 -1.600000 -0.060449 0.000000 0.500000
0.876245 0.144325 -0.111424 -1.600000 -0.057435 0.000000 0.500000
0.867587 0.133014 -0.108350 -1.600000 -0.054302 0.000000 0.500000
0.858922 0.121677 -0.105157 -1.600000 -0.051047 0.000000 0.500000
0.850252 0.110315 -0.101844 -1.600000 -0.047669 0.000000 0.500000
0.841577 0.098930 -0.098409 -1.600000 -0.044166 0.000000 0.500000
0.832899 0.087527 -0.094852 -1.600000 -0.040537 0.000000 0.500000
0.824218 0.076106 -0.091169 -1.600000 -0.036782 0.000000 0.500000
0.815535 0.064672 -0.087360 -1.600000 -0.032897 0.000000 0.500000
0.806851 0.053225 -0.083424 -1.600000 -0.028881 0.000000 0.500000
0.798167 0.041770 -0.079359 -1.600000 -0.024734 0.000000 0.500000
0.789484 0.030308 -0.075164 -1.600000 -0.020453 0.000000 0.500000
0.780802 0.018843 -0.070836 -1.600000 -0.016037 0.000000 0.500000
0.772122 0.007376 -0.066375 -1.600000 -0.011485 0.000000 0.500000
0.763446 -0.004089 -0.061779 -1.600000 -0.006795 0.000000 0.500000
0.754773 -0.015551 -0.057047 -1.600000 -0.001966 0.000000 0.500000
0.746106 -0.027005 -0.052177 -1.600000 0.003005 0.000000 0.500000
0.737445 -0.038451 -0.047168 -1.600000 0.008118 0.000000 0.500000
0.728790 -0.049884 -0.042018 -1.600000 0.013375 0.000000 0.500000
0.720143 -0.061304 -0.036726 -1.600000 0.018777 0.000000 0.500000
0.711504 -0.072706 -0.031291 -1.600000 0.024326 0.000000 0.500000
0.702874 -0.084088 -0.025710 -1.600000 0.030024 0.000000 0.500000
0.694255 -0.095448 -0.019983 -1.600000 0.035871 0.000000 0.500000
0.685646 -0.106784 -0.014107 -1.600000 0.041871 0.000000 0.500000
0.677050 -0.118091 -0.008083 -1.600000 0.048022 0.000000 0.500000
0.668466 -0.129369 -0.001907 -1.600000 0.054329 0.000000 0.500000
0.659896 -0.140614 0.004421 -1.600000 0.060791 0.000000 0.500000
0.651340 -0.151824 0.010903 -1.600000 0.067411 0.000000 0.500000
0.642799 -0.162996 0.017540 -1.600000 0.074190 0.000000 0.500000
0.634275 -0.174127 0.024334 -1.600000 0.081129 0.000000 0.500000
0.625768 -0.185215 0.031286 -1.600000 0.088230 0.000000 0.500000
0.617278 -0.196257 0.038398 -1.600000 0.095494 0.000000 0.500000
0.608807 -0.207251 0.045671 -1.600000 0.102924 0.000000 0.500000
0.600356 -0.218195 0.053106 -1.600000 0.110520 0.000000 0.500000
0.591925 -0.229084 0.060706 -1.600000 0.118283 0.000000 0.500000
0.583516 -0.239918 0.068471 -1.600000 0.126216 0.000000 0.500000
0.575129 -0.250692 0.076403 -1.600000 0.134321 0.000000 0.500000
0.566765 -0.261405 0.084504 -1.600000 0.142597 0.000000 0.500000
0.558424 -0.272055 0.092775 -1.600000 0.151047 0.000000 0.500000
0.550109 -0.282637 0.101217 -1.600000 0.159673 0.000000 0.500000
0.541819 -0.293151 0.109831 -1.600000 0.168476 0.000000 0.500000
0.533556 -0.303593 0.118620 -1.600000 0.177457 0.000000 0.500000
0.525320 -0.313960 0.127585 -1.600000 0.186618 0.000000 0.500000
0.517112 -0.324250 0.136727 -1.600000 0.195961 0.000000 0.500000
0.508933 -0.334461 0.146048 -1.600000 0.205486 0.000000 0.500000
0.500784 -0.344589 0.155549 -1.600000 0.215196 0.000000 0.500000
0.492666 -0.354633 0.165231 -1.600000 0.225092 0.000000 0.500000
0.484580 -0.364589 0.175096 -1.600000 0.235175 0.000000 0.500000
0.476526 -0.374455 0.185146 -1.600000 0.245447 0.000000 0.500000
0.468506 -0.384229 0.195382 -1.600000 0.255909 0.000000 0.500000
0.460519 -0.393907 0.205806 -1.600000 0.266563 0.000000 0.500000
0.452568 -0.403487 0.216418 -1.600000 0.277411 0.000000 0.500000
0.444653 -0.412967 0.227221 -1.600000 0.288454 0.000000 0.500000
0.436775 -0.422344 0.238215 -1.600000 0.299693 0.000000 0.500000
0.428934 -0.431615 0.249403 -1.600000 0.311130 0.000000 0.500000
0.421132 -0.440778 0.260785 -1.600000 0.322766 0.000000 0.500000
0.413369 -0.449830 0.272364 -1.600000 0.334603 0.000000 0.500000
0.405647 -0.458768 0.284140 -1.600000 0.346643 0.000000 0.500000
0.397965 -0.467590 0.296116 -1.600000 0.358886 0.000000 0.500000
0.390326 -0.476294 0.308292 -1.600000 0.371335 0.000000 0.500000
0.382729 -0.484876 0.320670 -1.600000 0.383991 0.000000 0.500000
0.375177 -0.493334 0.333251 -1.600000 0.396855 0.000000 0.500000
0.367668 -0.501666 0.346038 -1.600000 0.409929 0.000000 0.500000
0.360206 -0.509868 0.359031 -1.600000 0.423214 0.000000 0.500000
0.352789 -0.517939 0.372232 -1.600000 0.436713 0.000000 0.500000
0.345420 -0.525876 0.385642 -1.600000 0.450425 0.000000 0.500000
0.338098 -0.533675 0.399263 -1.600000 0.464354 0.000000 0.500000
0.330826 -0.541335 0.413096 -1.600000 0.478500 0.000000 0.500000
0.323603 -0.548853 0.427143 -1.600000 0.492865 0.000000 0.500000
0.316431 -0.556226 0.441406 -1.600000 0.507450 0.000000 0.500000
0.309310 -0.563451 0.455884 -1.600000 0.522257 0.000000 0.500000
0.302242 -0.570527 0.470581 -1.600000 0.537287 0.000000 0.500000
0.295226 -0.577449 0.485498 -1.600000 0.552543 0.000000 0.500000
0.288265 -0.584217 0.500636 -1.600000 0.568025 0.000000 0.500000
0.281359 -0.590827 0.515996 -1.600000 0.583734 0.000000 0.500000
0.274508 -0.597276 0.531580 -1.600000 0.599673 0.000000 0.500000
0.267714 -0.603563 0.547389 -1.600000 0.615843 0.000000 0.500000
0.260978 -0.609683 0.563425 -1.600000 0.632245 0.000000 0.500000
0.254300 -0.615636 0.579690 -1.600000 0.648881 0.000000 0.500000
0.247681 -0.621417 0.596184 -1.600000 0.665753 0.000000 0.500000
0.241122 -0.627026 0.612910 -1.600000 0.682861 0.000000 0.500000
0.234624 -0.632458 0.629869 -1.600000 0.700207 0.000000 0.500000
0.228188 -0.637711 0.647061 -1.600000 0.717794 0.000000 0.500000
0.221814 -0.642783 0.664489 -1.600000 0.735622 0.000000 0.500000
0.215504 -0.647671 0.682155 -1.600000 0.753693 0.000000 0.500000
0.209259 -0.652373 0.700059 -1.600000 0.772008 0.000000 0.500000
0.203078 -0.656885 0.718202 -1.600000 0.790569 0.000000 0.500000
0.196964 -0.661206 0.736588 -1.600000 0.809377 0.000000 0.500000
0.190917 -0.665333 0.755216 -1.600000 0.828434 0.000000 0.500000
0.184937 -0.669262 0.774089 -1.600000 0.847742 0.000000 0.500000
0.179026 -0.672992 0.793207 -1.600000 0.867301 0.000000 0.500000
0.173185 -0.676520 0.812573 -1.600000 0.887114 0.000000 0.500000
0.167414 -0.679843 0.832188 -1.600000 0.907181 0.000000 0.500000
0.161714 -0.682959 0.852053 -1.600000 0.927505 0.000000 0.500000
0.156087 -0.685865 0.872170 -1.600000 0.948087 0.000000 0.500000
0.150532 -0.688558 0.892539 -1.600000 0.968928 0.000000 0.500000
0.145051 -0.691036 0.913164 -1.600000 0.990030 0.000000 0.500000
0.139645 -0.693297 0.934044 -1.600000 1.011394 0.000000 0.500000
0.134315 -0.695337 0.955182 -1.600000 1.033023 0.000000 0.500000
0.129060 -0.697153 0.976579 -1.600000 1.054916 0.000000 0.500000
0.123884 -0.698745 0.998237 -1.600000 1.077076 0.000000 0.500000
0.118785 -0.700108 1.020156 -1.600000 1.099505 0.000000 0.500000
0.113765 -0.701240 1.042339 -1.600000 1.122204 0.000000 0.500000
0.108825 -0.702139 1.064787 -1.600000 1.145174 0.000000 0.500000
0.103966 -0.702802 1.087501 -1.600000 1.168416 0.000000 0.500000
0.099189 -0.703226 1.110483 -1.600000 1.191933 0.000000 0.500000
0.094494 -0.703409 1.133734 -1.600000 1.215726 0.000000 0.500000
0.089882 -0.703348 1.157255 -1.600000 1.239796 0.000000 0.500000
0.085354 -0.703040 1.181049 -1.600000 1.264145 0.000000 0.500000
0.080912 -0.702484 1.205117 -1.600000 1.288775 0.000000 0.500000
0.076555 -0.701676 1.229459 -1.600000 1.313686 0.000000 0.500000
0.072285 -0.700613 1.254078 -1.600000 1.338880 0.000000 0.500000
0.068103 -0.699294 1.278975 -1.600000 1.364360 0.000000 0.500000
0.064009 -0.697715 1.304152 -1.600000 1.390125 0.000000 0.500000
0.060005 -0.695874 1.329609 -1.600000 1.416179 0.000000 0.500000
0.056090 -0.693769 1.355349 -1.600000 1.442522 0.000000 0.500000
0.052267 -0.691396 1.381373 -1.600000 1.469155 0.000000 0.500000
0.048536 -0.688753 1.407682 -1.600000 1.496081 0.000000 0.500000
0.044897 -0.685838 1.434278 -1.600000 1.523301 0.000000 0.500000
0.041352 -0.682647 1.461161 -1.600000 1.550816 0.000000 0.500000
0.037902 -0.679179 1.488335 -1.600000 1.578628 0.000000 0.500000
0.034547 -0.675430 1.515800 -1.600000 1.606738 0.000000 0.500000
0.031288 -0.671399 1.543557 -1.600000 1.635148 0.000000 0.500000
0.028126 -0.667081 1.571609 -1.600000 1.663860 0.000000 0.500000
0.025062 -0.662476 1.599956 -1.600000 1.692874 0.000000 0.500000
0.022097 -0.657580 1.628599 -1.600000 1.722192 0.000000 0.500000
0.019232 -0.652391 1.657542 -1.600000 1.751817 0.000000 0.500000
0.016467 -0.646905 1.686784 -1.600000 1.781748 0.000000 0.500000
0.013803 -0.641121 1.716328 -1.600000 1.811989 0.000000 0.500000
0.011242 -0.635036 1.746174 -1.600000 1.842539 0.000000 0.500000
0.008784 -0.628647 1.776325 -1.600000 1.873402 0.000000 0.500000
0.006430 -0.621951 1.806781 -1.600000 1.904578 0.000000 0.500000
0.004181 -0.614947 1.837545 -1.600000 1.936068 0.000000 0.500000
0.002037 -0.607630 1.868618 -1.600000 1.967875 0.000000 0.500000
-0.000000 -0.600000 1.900000 -1.600000 2.000000 0.000000 0.500000
