1903448
1903450
1903452
1903454
1903456
1903458
1903460
1903462
1903464
1903466
1903468
1903470
1903472
1903474
1903476
1903478
1903480
1903482
1903484
1903486
1903488
1903490
1903492
1903494
1903496
1903498
1903500
1903502
1903504
1903506
1903508
1903510
1903512
1903514
1903516
1903518
1903520
1903522
1903524
1903526
1903528
1903530
1903532
1903534
1903536
1903538
1903540
1903542
1903544
1903546
1903548
1903550
1903552
1903554
1903556
1903558
1903560
1903562
1903564
1903566
1903568
1903570
1903572
1903574
1903576
1903578
1903580
1903582
1903584
1903586
1903588
1903590
1903592
1903594
1903596
1903598
1903600
1903602
1903604
1903606
1903608
1903610
1903612
1903614
1903616
1903618
1903620
1903622
1903624
1903626
1903628
1903630
1903632
1903634
1903636
1903638
1903640
1903642
1903644
1903646
1903648
1903650
1903652
1903654
1903656
1903658
1903660
1903662
1903664
1903666
1903668
1903670
1903672
1903674
1903676
1903678
1903680
1903682
1903684
1903686
1903688
1903690
1903692
1903694
1903696
1903698
1903700
1903702
1903704
1903706
1903708
1903710
1903712
1903714
1903716
1903718
1903720
1903722
1903724
1903726
1903728
1903730
1903732
1903735
1903736
1903738
1903740
1903742
1903744
1903746
1903748
1903750
1903751
1903754
1903756
1903758
1903760
1903762
1903764
1903766
1903768
1903770
1903772
1903774
1903776
1903776
1903780
1903782
1903785
1903786
1903788
1903790
1903792
1903794
1903796
1903798
1903800
1903802
1903804
1903806
1903808
1903810
1903812
1903814
1903816
1903818
1903820
1903822
1903824
1903826
1903828
1903830
1903832
1903834
1903836
1903838
1903840
1903842
1903844
1903846
1903848
1903850
1903852
1903854
1903856
1903858
1903860
1903862
1903864
1903866
1903868
1903870
1903872
1903874
1903876
1903878
1903880
1903882
1903885
1903886
1903888
1903890
1903892
1903894
1903896
1903898
1903900
1903902
1903904
1903906
1903908
1903910
1903912
1903914
1903916
1903918
1903920
1903922
1903924
1903926
1903928
1903930
1903932
1903934
1903936
1903938
1903940
1903942
1903944
1903946
1903948
1903950
1903952
1903954
1903956
1903958
1903960
1903962
1903964
1903966
1903968
1903970
1903972
1903974
1903976
1903978
1903980
1903982
1903984
1903986
1903988
1903990
1903992
1903994
1903996
1903998
1904000
1904002
1904004
1904006
1904008
1904010
1904012
1904014
1904016
1904018
1904020
1904022
1904024
1904026
1904028
1904030
1904032
1904035
1904036
1904038
1904040
1904042
1904044
1904046
1904048
1904050
1904052
1904054
1904056
1904058
1904060
1904062
1904064
1904066
1904068
1904070
1904072
1904074
1904076
1904078
1904080
1904082
1904085
1904086
1904088
1904090
1904092
1904094
1904096
1904098
1904100
1904102
1904104
1904106
1904108
1904110
1904112
1904114
1904116
1904118
1904120
1904122
1904124
1904126
1904128
1904130
1904132
1904135
1904136
1904138
1904140
1904142
1904144
1904146
1904148
1904150
1904152
1904154
1904156
1904158
1904160
1904162
1904164
1904166
1904168
1904170
1904172
1904174
1904176
1904178
1904180
1904182
1904185
1904186
1904188
1904190
1904192
1904194
1904196
1904198
1904200
1904202
1904204
1904206
1904208
1904210
1904212
1904214
1904216
1904218
1904220
1904222
1904224
1904226
1904228
1904230
1904232
1904234
1904236
1904238
1904240
1904242
1904244
1904246
1904248
1904250
1904252
1904254
1904256
1904258
1904260
1904262
1904264
1904266
1904268
1904270
1904272
1904274
1904276
1904278
1904280
1904282
1904285
1904286
1904288
1904290
1904292
1904294
1904296
1904298
1904300
1904302
1904304
1904306
1904308
1904310
1904312
1904314
1904316
1904318
1904320
1904322
1904324
1904326
1904328
1904330
1904332
1904335
1904336
1904338
1904340
1904342
1904344
1904346
1904348
1904350
1904352
1904354
1904356
1904358
1904360
1904362
1904364
1904366
1904368
1904370
1904372
1904374
1904376
1904378
1904380
1904382
1904384
1904386
1904388
1904390
1904392
1904394
1904396
1904398
1904400
1904402
1904404
1904406
1904408
1904410
1904412
1904414
1904416
1904418
1904420
1904422
1904424
1904426
1904428
1904430
1904432
1904434
1904436
1904438
1904440
1904442
1904444
1904446
1904448
1904450
1904452
1904454
1904456
1904458
1904460
1904462
1904464
1904466
1904468
1904470
1904472
1904474
1904476
1904478
1904480
1904482
1904485
1904486
1904488
1904490
1904492
1904494
1904496
1904498
1904500
1904502
1904504
1904506
1904508
1904510
1904512
1904514
1904516
1904518
1904520
1904522
1904524
1904526
1904528
1904530
1904532
1904534
1904536
1904538
1904540
1904542
1904544
1904546
1904548
1904550
1904552
1904554
1904556
1904558
1904560
1904562
1904564
1904566
1904568
1904570
1904572
1904574
1904576
1904578
1904580
1904582
1904584
1904586
1904588
1904590
1904592
1904594
1904596
1904598
1904600
1904602
1904604
1904606
1904608
1904610
1904612
1904614
1904616
1904618
1904620
1904622
1904624
1904626
1904628
1904630
1904632
1904634
1904636
1904638
1904640
1904642
1904644
1904646
1904648
1904650
1904652
1904654
1904656
1904658
1904660
1904662
1904664
1904666
1904668
1904670
1904672
1904674
1904676
1904678
1904680
1904682
1904685
1904686
1904688
1904690
1904693
1904694
1904696
1904698
1904700
1904701
1904704
1904706
1904708
1904710
1904712
1904713
1904716
1904718
1904720
1904722
1904724
1904726
1904728
1904730
1904732
1904735
1904736
1904738
1904740
1904742
1904744
1904746
1904748
1904750
1904752
1904754
1904756
1904758
1904760
1904762
1904764
1904766
1904768
1904770
1904772
1904774
1904776
1904778
1904780
1904782
1904784
1904786
1904788
1904790
1904792
1904794
1904796
1904798
1904800
1904802
1904804
1904806
1904808
1904810
1904812
1904814
1904816
1904818
1904820
1904822
1904824
1904826
1904828
1904830
1904832
1904835
1904836
1904838
1904840
1904842
1904844
1904846
1904848
1904850
1904852
1904854
1904856
1904858
1904860
1904862
1904864
1904867
1904868
1904871
1904873
1904874
1904876
1904878
1904880
1904882
1904884
1904886
1904888
1904890
1904892
1904894
1904896
1904898
1904899
1904902
1904904
1904906
1904908
1904910
1904912
1904914
1904916
1904918
1904920
1904922
1904924
1904926
1904928
1904930
1904932
1904934
1904935
1904938
1904940
1904942
1904944
1904946
1904948
1904950
1904952
1904954
1904956
1904958
1904960
1904962
1904964
1904966
1904968
1904970
1904971
1904974
1904976
1904979
1904980
1904982
1904985
1904986
1904988
1904990
1904992
1904994
1904996
1904998
1905000
1905002
1905004
1905006
1905008
1905010
1905012
1905014
1905016
1905018
1905020
1905022
1905024
1905026
1905028
1905030
1905032
1905035
1905036
1905038
1905040
1905042
1905044
1905046
1905048
1905050
1905052
1905054
1905056
1905058
1905060
1905062
1905064
1905066
1905068
1905070
1905072
1905074
1905076
1905078
1905080
1905082
1905085
1905086
1905088
1905090
1905092
1905094
1905096
1905098
1905100
1905102
1905104
1905106
1905108
1905110
1905112
1905114
1905116
1905118
1905120
1905122
1905124
1905126
1905128
1905130
1905132
1905134
1905136
1905138
1905140
1905142
1905144
1905146
1905148
1905150
1905152
1905154
1905156
1905158
1905160
1905162
1905164
1905166
1905168
1905170
1905172
1905174
1905176
1905178
1905180
1905182
1905184
1905186
1905188
1905190
1905192
1905194
1905196
1905198
1905200
1905202
1905204
1905206
1905208
1905210
1905212
1905214
1905216
1905218
1905220
1905222
1905224
1905226
1905228
1905230
1905232
1905234
1905236
1905238
1905240
1905242
1905244
1905246
1905248
1905250
1905252
1905254
1905256
1905258
1905260
1905262
1905264
1905266
1905268
1905270
1905272
1905274
1905276
1905278
1905280
1905282
1905285
1905286
1905288
1905290
1905292
1905294
1905296
1905298
1905300
1905302
1905304
1905306
1905308
1905310
1905312
1905314
1905316
1905318
1905320
1905322
1905324
1905326
1905328
1905330
1905332
1905334
1905336
1905338
1905340
1905342
1905344
1905346
1905348
1905350
1905352
1905354
1905356
1905358
1905360
1905362
1905364
1905366
1905368
1905370
1905372
1905374
1905376
1905378
1905380
1905382
1905384
1905386
1905388
1905390
1905392
1905394
1905396
1905398
1905400
1905402
1905404
1905406
1905408
1905410
1905412
1905414
1905416
1905418
1905420
1905422
1905424
1905426
1905428
1905430
1905432
1905434
1905436
1905438
1905440
1905442
1905444
1905446
1905448
1905450
1905452
1905454
1905456
1905458
1905460
1905462
1905464
1905466
1905468
1905470
1905472
1905474
1905476
1905478
1905480
1905482
1905484
1905486
1905488
1905490
1905492
1905494
1905496
1905498
1905500
1905502
1905504
1905504
1905508
1905510
1905512
1905514
1905516
1905518
1905520
1905522
1905524
1905526
1905528
1905530
1905532
1905534
1905536
1905538
1905540
1905542
1905544
1905546
1905548
1905550
1905552
1905554
1905556
1905558
1905560
1905562
1905564
1905566
1905568
1905570
1905572
1905574
1905576
1905578
1905580
1905582
1905584
1905586
1905588
1905590
1905592
1905593
1905596
1905598
1905600
1905602
1905604
1905606
1905608
1905610
1905612
1905614
1905616
1905618
1905620
1905622
1905624
1905626
1905628
1905630
1905632
1905634
1905636
1905638
1905640
1905642
1905644
1905646
1905648
1905650
1905652
1905654
1905656
1905658
1905660
1905662
1905664
1905666
1905668
1905670
1905672
1905674
1905676
1905678
1905680
1905682
1905684
1905686
1905688
1905690
1905692
1905694
1905696
1905698
1905700
1905702
1905704
1905706
1905708
1905710
1905712
1905714
1905716
1905718
1905720
1905722
1905724
1905726
1905728
1905730
1905732
1905734
1905736
1905738
1905740
1905742
1905744
1905746
1905748
1905750
1905752
1905754
1905756
1905758
1905760
1905762
1905764
1905766
1905768
1905770
1905772
1905774
1905776
1905777
1905779
1905782
1905784
1905786
1905788
1905790
1905791
1905794
1905796
1905798
1905800
1905802
1905804
1905806
1905808
1905810
1905812
1905814
1905816
1905818
1905820
1905822
1905824
1905826
1905828
1905830
1905832
1905835
1905836
1905838
1905840
1905842
1905844
1905846
1905848
1905850
1905852
1905854
1905856
1905858
1905860
1905862
1905864
1905866
1905868
1905870
1905872
1905874
1905876
1905878
1905880
1905882
1905885
1905886
1905888
1905890
1905892
1905894
1905896
1905898
1905900
1905902
1905904
1905906
1905908
1905910
1905912
1905914
1905916
1905918
1905920
1905922
1905924
1905926
1905928
1905930
1905932
1905934
1905936
1905938
1905940
1905942
1905944
1905946
1905948
1905950
1905952
1905954
1905956
1905958
1905960
1905962
1905964
1905966
1905968
1905970
1905972
1905974
1905976
1905978
1905980
1905982
1905985
1905986
1905988
1905990
1905991
1905994
1905996
1905998
1906000
1906002
1906004
1906006
1906008
1906010
1906012
1906014
1906016
1906018
1906020
1906022
1906024
1906026
1906028
1906030
1906032
1906034
1906036
1906038
1906040
1906042
1906044
1906046
1906048
1906050
1906052
1906054
1906056
1906058
1906060
1906062
1906064
1906066
1906068
1906070
1906072
1906074
1906076
1906078
1906080
1906082
1906085
1906086
1906088
1906090
1906092
1906094
1906096
1906098
1906100
1906102
1906104
1906106
1906108
1906110
1906112
1906114
1906116
1906118
1906120
1906122
1906124
1906126
1906128
1906130
1906132
1906135
1906136
1906138
1906140
1906142
1906144
1906146
1906148
1906150
1906152
1906154
1906156
1906158
1906160
1906162
1906164
1906166
1906168
1906170
1906172
1906174
1906176
1906178
1906180
1906182
1906184
1906186
1906188
1906190
1906192
1906194
1906196
1906198
1906200
1906202
1906204
1906206
1906208
1906209
1906212
1906214
1906216
1906218
1906220
1906221
1906224
1906226
1906227
1906230
1906232
1906234
1906236
1906238
1906240
1906242
1906244
1906246
1906248
1906250
1906252
1906254
1906256
1906258
1906260
1906262
1906264
1906266
1906268
1906270
1906272
1906274
1906276
1906278
1906280
1906282
1906284
1906286
1906288
1906290
1906292
1906294
1906296
1906298
1906300
1906302
1906304
1906306
1906308
1906310
1906312
1906314
1906316
1906318
1906320
1906322
1906324
1906326
1906328
1906330
1906332
1906334
1906336
1906338
1906340
1906342
1906344
1906346
1906348
1906350
1906352
1906354
1906356
1906358
1906360
1906362
1906364
1906366
1906368
1906370
1906372
1906374
1906376
1906378
1906380
1906382
1906384
1906386
1906388
1906390
1906392
1906394
1906396
1906398
1906400
1906402
1906404
1906406
1906408
1906410
1906412
1906414
1906416
1906418
1906419
1906422
1906424
1906426
1906428
1906430
1906432
1906434
1906436
1906438
1906440
1906442
1906444
1906446
1906448
1906450
1906452
1906454
1906456
1906458
1906460
1906462
1906464
1906466
1906467
1906470
1906472
1906474
1906476
1906478
1906480
1906482
1906484
1906486
1906488
1906490
1906492
1906494
1906496
1906497
1906500
1906502
1906504
1906506
1906508
1906510
1906512
1906514
1906516
1906518
1906520
1906522
1906524
1906526
1906528
1906530
1906532
1906535
1906536
1906538
1906540
1906542
1906544
1906546
1906548
1906550
1906552
1906554
1906556
1906558
1906560
1906562
1906564
1906566
1906568
1906570
1906572
1906574
1906576
1906578
1906580
1906582
1906584
1906586
1906588
1906590
1906592
1906594
1906596
1906598
1906600
1906602
1906604
1906606
1906608
1906610
1906612
1906614
1906616
1906618
1906620
1906622
1906624
1906626
1906628
1906630
1906632
1906634
1906636
1906638
1906640
1906642
1906644
1906646
1906648
1906650
1906652
1906654
1906656
1906658
1906660
1906662
1906664
1906666
1906668
1906670
1906672
1906674
1906676
1906678
1906680
1906682
1906685
1906686
1906688
1906690
1906692
1906694
1906696
1906698
1906700
1906702
1906704
1906706
1906708
1906710
1906712
1906714
1906716
1906718
1906720
1906722
1906724
1906726
1906728
1906730
1906732
1906734
1906736
1906738
1906740
1906742
1906744
1906746
1906748
1906750
1906752
1906754
1906756
1906758
1906760
1906762
1906764
1906766
1906768
1906770
1906772
1906774
1906776
1906778
1906780
1906782
1906784
1906786
1906788
1906790
1906792
1906794
1906796
1906798
1906800
1906802
1906804
1906806
1906808
1906810
1906812
1906814
1906816
1906818
1906820
1906822
1906824
1906826
1906828
1906830
1906832
1906834
1906836
1906838
1906840
1906842
1906844
1906846
1906848
1906850
1906853
1906854
1906856
1906858
1906860
1906862
1906864
1906866
1906868
1906870
1906872
1906874
1906876
1906878
1906880
1906882
1906884
1906886
1906888
1906890
1906892
1906894
1906896
1906898
1906900
1906902
1906904
1906906
1906908
1906910
1906912
1906914
1906916
1906918
1906920
1906922
1906924
1906926
1906928
1906930
1906932
1906934
1906936
1906938
1906940
1906942
1906944
1906946
1906948
1906950
1906952
1906954
1906956
1906959
1906960
1906962
1906964
1906966
1906968
1906969
1906972
1906974
1906976
1906978
1906980
1906982
1906984
1906986
1906988
1906990
1906992
1906994
1906996
1906998
1907000
1907002
1907004
1907006
1907008
1907010
1907012
1907014
1907016
1907018
1907020
1907022
1907024
1907026
1907028
1907030
1907032
1907035
1907036
1907038
1907040
1907042
1907044
1907046
1907047
1907050
1907052
1907054
1907056
1907058
1907060
1907062
1907064
1907066
1907068
1907070
1907071
1907074
1907076
1907078
1907080
1907082
1907084
1907086
1907088
1907090
1907092
1907094
1907096
1907098
1907100
1907102
1907104
1907106
1907107
1907110
1907112
1907114
1907116
1907118
1907120
1907122
1907124
1907126
1907128
1907130
1907132
1907134
1907136
1907138
1907140
1907142
1907144
1907146
1907148
1907150
1907152
1907154
1907156
1907158
1907160
1907162
1907164
1907166
1907168
1907170
1907172
1907174
1907176
1907178
1907179
1907182
1907185
1907186
1907188
1907190
1907192
1907194
1907196
1907198
1907200
1907202
1907204
1907206
1907208
1907210
1907212
1907214
1907216
1907218
1907220
1907221
1907224
1907226
1907228
1907230
1907232
1907235
1907236
1907238
1907240
1907242
1907244
1907246
1907248
1907250
1907252
1907254
1907256
1907258
1907260
1907262
1907264
1907266
1907268
1907270
1907272
1907274
1907275
1907278
1907280
1907282
1907284
1907286
1907288
1907290
1907292
1907294
1907296
1907298
1907300
1907302
1907304
1907306
1907308
1907310
1907312
1907314
1907316
1907318
1907320
1907322
1907324
1907326
1907328
1907330
1907332
1907334
1907336
1907338
1907340
1907342
1907344
1907346
1907348
1907350
1907352
1907354
1907356
1907358
1907360
1907362
1907364
1907366
1907368
1907370
1907372
1907374
1907376
1907378
1907380
1907382
1907385
1907386
1907388
1907390
1907392
1907394
1907396
1907398
1907400
1907402
1907404
1907406
1907408
1907410
1907412
1907414
1907416
1907418
1907420
1907422
1907424
1907426
1907428
1907430
1907432
1907435
1907436
1907438
1907440
1907442
1907444
1907446
1907448
1907450
1907452
1907454
1907456
1907458
1907460
1907462
1907464
1907466
1907468
1907470
1907472
1907474
1907476
1907478
1907480
1907482
1907484
1907486
1907488
1907490
1907492
1907494
1907496
1907498
1907500
1907502
1907504
1907506
1907507
1907510
1907512
1907514
1907516
1907518
1907520
1907522
1907524
1907526
1907528
1907530
1907532
1907536
1907537
1907539
1907540
1907542
1907544
1907546
1907548
1907550
1907552
1907554
1907556
1907558
1907560
1907562
1907564
1907566
1907568
1907570
1907572
1907574
1907576
1907578
1907580
1907582
1907584
1907586
1907588
1907590
1907592
1907594
1907596
1907598
1907600
1907602
1907604
1907606
1907608
1907610
1907612
1907614
1907616
1907618
1907620
1907622
1907624
1907626
1907628
1907630
1907632
1907635
1907637
1907638
1907640
1907642
1907644
1907646
1907648
1907650
1907651
1907654
1907656
1907658
1907660
1907662
1907664
1907666
1907668
1907670
1907672
1907674
1907675
1907678
1907680
1907682
1907685
1907686
1907688
1907690
1907692
1907694
1907696
1907698
1907700
1907702
1907704
1907706
1907708
1907710
1907712
1907714
1907716
1907718
1907720
1907722
1907724
1907726
1907728
1907730
1907732
1907734
1907736
1907738
1907740
1907742
1907744
1907746
1907748
1907750
1907752
1907754
1907756
1907758
1907760
1907762
1907764
1907766
1907768
1907770
1907771
1907774
1907776
1907777
1907780
1907782
1907784
1907786
1907788
1907790
1907792
1907794
1907796
1907798
1907800
1907802
1907804
1907806
1907808
1907810
1907812
1907814
1907816
1907818
1907820
1907822
1907824
1907826
1907828
1907830
1907832
1907834
1907836
1907838
1907840
1907842
1907844
1907846
1907848
1907850
1907852
1907854
1907856
1907858
1907860
1907862
1907864
1907866
1907868
1907870
1907872
1907874
1907876
1907878
1907880
1907882
1907885
1907886
1907888
1907890
1907892
1907894
1907896
1907898
1907900
1907902
1907904
1907906
1907908
1907910
1907912
1907914
1907916
1907918
1907920
1907922
1907924
1907926
1907928
1907930
1907932
1907935
1907936
1907938
1907940
1907942
1907944
1907946
1907948
1907950
1907952
1907954
1907956
1907958
1907960
1907962
1907963
1907966
1907968
1907970
1907972
1907974
1907976
1907978
1907980
1907982
1907985
1907986
1907988
1907990
1907992
1907994
1907996
1907998
1908000
1908002
1908004
1908006
1908008
1908010
1908012
1908014
1908016
1908018
1908020
1908022
1908024
1908026
1908028
1908030
1908032
1908034
1908036
1908038
1908040
1908042
1908044
1908046
1908048
1908050
1908052
1908054
1908056
1908058
1908060
1908062
1908064
1908066
1908068
1908070
1908072
1908074
1908076
1908078
1908080
1908082
1908085
1908086
1908088
1908090
1908092
1908094
1908096
1908098
1908100
1908102
1908104
1908106
1908108
1908110
1908112
1908114
1908116
1908118
1908120
1908122
1908124
1908126
1908128
1908130
1908132
1908134
1908136
1908138
1908140
1908142
1908144
1908146
1908148
1908150
1908152
1908154
1908156
1908158
1908160
1908162
1908164
1908166
1908168
1908170
1908172
1908174
1908176
1908178
1908180
1908182
1908184
1908186
1908188
1908190
1908192
1908194
1908196
1908198
1908200
1908202
1908204
1908206
1908208
1908210
1908212
1908214
1908216
1908218
1908220
1908222
1908224
1908225
1908228
1908230
1908232
1908234
1908236
1908238
1908240
1908242
1908244
1908246
1908248
1908250
1908252
1908254
1908256
1908258
1908260
1908262
1908264
1908266
1908268
1908270
1908272
1908274
1908276
1908278
1908280
1908282
1908284
1908286
1908288
1908290
1908292
1908294
1908296
1908298
1908300
1908302
1908304
1908306
1908308
1908310
1908312
1908314
1908316
1908318
1908320
1908322
1908324
1908326
1908328
1908330
1908332
1908334
1908336
1908338
1908340
1908342
1908344
1908346
1908348
1908350
1908351
1908354
1908356
1908358
1908360
1908362
1908364
1908366
1908368
1908370
1908372
1908374
1908376
1908378
1908380
1908382
1908385
1908386
1908388
1908390
1908392
1908394
1908396
1908398
1908400
1908402
1908404
1908406
1908408
1908410
1908412
1908414
1908416
1908418
1908420
1908422
1908424
1908426
1908428
1908430
1908432
1908434
1908436
1908438
1908440
1908442
1908444
1908446
1908448
1908450
1908452
1908454
1908456
1908458
1908460
1908462
1908464
1908466
1908468
1908470
1908472
1908474
1908476
1908478
1908480
1908482
1908485
1908486
1908488
1908490
1908492
1908494
1908496
1908498
1908500
1908502
1908504
1908506
1908508
1908510
1908512
1908514
1908516
1908518
1908520
1908522
1908524
1908526
1908528
1908530
1908532
1908535
1908536
1908538
1908540
1908542
1908544
1908546
1908548
1908550
1908552
1908554
1908556
1908558
1908559
1908562
1908564
1908566
1908568
1908570
1908572
1908574
1908576
1908578
1908580
1908582
1908585
1908586
1908588
1908590
1908591
1908594
1908596
1908598
1908600
1908602
1908604
1908606
1908608
1908610
1908612
1908614
1908616
1908618
1908620
1908622
1908624
1908626
1908628
1908630
1908632
1908635
1908636
1908638
1908640
1908642
1908644
1908646
1908648
1908650
1908652
1908654
1908656
1908658
1908660
1908662
1908664
1908666
1908668
1908670
1908672
1908674
1908676
1908678
1908680
1908682
1908684
1908686
1908688
1908690
1908692
1908694
1908696
1908698
1908700
1908702
1908704
1908706
1908708
1908710
1908712
1908714
1908716
1908718
1908720
1908722
1908724
1908726
1908728
1908730
1908732
1908734
1908736
1908738
1908740
1908742
1908744
1908746
1908748
1908750
1908752
1908754
1908756
1908758
1908760
1908762
1908764
1908766
1908768
1908770
1908772
1908774
1908776
1908778
1908780
1908782
1908785
1908786
1908788
1908790
1908792
1908794
1908796
1908798
1908800
1908802
1908804
1908806
1908808
1908810
1908812
1908814
1908816
1908818
1908820
1908822
1908824
1908826
1908828
1908830
1908832
1908834
1908836
1908838
1908840
1908842
1908844
1908846
1908848
1908850
1908852
1908854
1908856
1908858
1908860
1908862
1908864
1908866
1908868
1908870
1908872
1908874
1908876
1908878
1908880
1908882
1908885
1908886
1908888
1908890
1908892
1908894
1908896
1908898
1908900
1908902
1908904
1908906
1908908
1908910
1908912
1908914
1908916
1908918
1908920
1908922
1908924
1908926
1908928
1908930
1908932
1908935
1908936
1908938
1908940
1908942
1908944
1908946
1908948
1908950
1908952
1908954
1908956
1908958
1908960
1908962
1908964
1908966
1908968
1908970
1908972
1908974
1908976
1908978
1908980
1908982
1908984
1908986
1908988
1908990
1908992
1908994
1908996
1908998
1909000
1909002
1909004
1909006
1909008
1909010
1909012
1909014
1909016
1909018
1909020
1909022
1909024
1909026
1909028
1909030
1909032
1909034
1909036
1909038
1909040
1909042
1909044
1909046
1909048
1909050
1909052
1909054
1909056
1909058
1909060
1909062
1909064
1909066
1909068
1909070
1909072
1909074
1909076
1909078
1909080
1909082
1909085
1909086
1909088
1909090
1909092
1909094
1909096
1909098
1909100
1909102
1909104
1909106
1909108
1909110
1909112
1909114
1909116
1909118
1909120
1909122
1909124
1909126
1909128
1909130
1909132
1909134
1909136
1909138
1909140
1909142
1909144
1909146
1909148
1909150
1909152
1909154
1909156
1909158
1909160
1909162
1909164
1909166
1909168
1909170
1909172
1909174
1909176
1909178
1909180
1909182
1909185
1909186
1909188
1909190
1909192
1909194
1909196
1909198
1909200
1909201
1909204
1909206
1909208
1909210
1909212
1909214
1909216
1909218
1909220
1909222
1909224
1909226
1909228
1909230
1909232
1909234
1909236
1909238
1909240
1909242
1909244
1909246
1909248
1909250
1909252
1909254
1909256
1909258
1909260
1909262
1909264
1909266
1909268
1909270
1909272
1909274
1909276
1909278
1909280
1909282
1909284
1909286
1909288
1909290
1909292
1909294
1909296
1909298
1909300
1909302
1909302
1909306
1909308
1909310
1909312
1909314
1909316
1909318
1909320
1909322
1909324
1909326
1909328
1909330
1909332
1909335
1909336
1909338
1909340
1909342
1909344
1909346
1909348
1909350
1909352
1909354
1909356
1909358
1909360
1909362
1909364
1909366
1909368
1909370
1909372
1909374
1909376
1909378
1909380
1909382
1909384
1909386
1909388
1909390
1909392
1909394
1909396
1909398
1909400
1909402
1909404
1909406
1909408
1909410
1909412
1909414
1909416
1909418
1909420
1909422
1909424
1909426
1909428
1909430
1909432
1909434
1909436
1909438
1909440
1909442
1909444
1909446
1909448
1909450
1909452
1909454
1909456
1909458
1909460
1909462
1909464
1909466
1909468
1909470
1909472
1909474
