3703924
3703927
3703929
3703930
3703933
3703934
3703936
3703939
3703941
3703942
3703945
3703947
3703949
3703951
3703953
3703954
3703957
3703959
3703960
3703963
3703965
3703966
3703969
3703971
3703972
3703975
3703977
3703979
3703980
3703983
3703985
3703987
3703989
3703990
3703993
3703995
3703996
3703999
3704001
3704002
3704005
3704007
3704008
3704011
3704013
3704014
3704017
3704019
3704020
3704023
3704025
3704026
3704029
3704030
3704032
3704035
3704037
3704038
3704041
3704043
3704044
3704047
3704049
3704050
3704053
3704055
3704057
3704059
3704061
3704063
3704065
3704067
3704068
3704071
3704073
3704074
3704077
3704079
3704081
3704083
3704085
3704086
3704089
3704091
3704093
3704095
3704097
3704098
3704101
3704103
3704104
3704107
3704109
3704110
3704113
3704115
3704116
3704119
3704121
3704122
3704125
3704126
3704128
3704131
3704133
3704134
3704137
3704139
3704140
3704143
3704145
3704146
3704149
3704151
3704152
3704155
3704157
3704158
3704161
3704163
3704164
3704167
3704169
3704171
3704173
3704175
3704176
3704179
3704181
3704183
3704185
3704187
3704189
3704191
3704193
3704194
3704197
3704199
3704200
3704203
3704205
3704206
3704209
3704211
3704212
3704215
3704217
3704218
3704221
3704223
3704225
3704227
3704229
3704231
3704233
3704235
3704236
3704239
3704241
3704242
3704245
3704247
3704249
3704251
3704253
3704254
3704257
3704259
3704261
3704263
3704264
3704266
3704269
3704270
3704272
3704275
3704277
3704279
3704281
3704283
3704285
3704287
3704289
3704291
3704293
3704295
3704297
3704299
3704301
3704303
3704305
3704307
3704309
3704311
3704312
3704315
3704317
3704319
3704321
3704323
3704325
3704327
3704329
3704331
3704333
3704335
3704337
3704339
3704340
3704342
3704345
3704347
3704349
3704351
3704353
3704355
3704356
3704359
3704361
3704363
3704364
3704367
3704369
3704371
3704373
3704375
3704377
3704378
3704381
3704383
3704384
3704387
3704389
3704391
3704393
3704395
3704397
3704399
3704401
3704403
3704405
3704407
3704408
3704411
3704413
3704415
3704417
3704419
3704420
3704423
3704425
3704427
3704429
3704431
3704432
3704435
3704437
3704439
3704441
3704443
3704445
3704447
3704449
3704450
3704453
3704455
3704457
3704459
3704461
3704463
3704465
3704467
3704468
3704471
3704473
3704475
3704477
3704478
3704481
3704483
3704485
3704487
3704489
3704490
3704493
3704495
3704496
3704499
3704501
3704503
3704505
3704507
3704509
3704511
3704513
3704515
3704517
3704519
3704521
3704523
3704525
3704527
3704529
3704531
3704532
3704534
3704537
3704539
3704541
3704543
3704545
3704546
3704549
3704551
3704552
3704554
3704557
3704558
3704561
3704562
3704565
3704567
3704569
3704570
3704573
3704575
3704577
3704579
3704581
3704582
3704585
3704587
3704588
3704591
3704593
3704595
3704597
3704599
3704601
3704603
3704605
3704606
3704609
3704611
3704612
3704615
3704617
3704618
3704621
3704623
3704624
3704627
3704629
3704630
3704633
3704635
3704636
3704639
3704641
3704642
3704645
3704647
3704648
3704651
3704653
3704655
3704657
3704659
3704661
3704663
3704665
3704666
3704669
3704670
3704672
3704675
3704677
3704678
3704681
3704683
3704684
3704687
3704689
3704690
3704693
3704695
3704696
3704699
3704701
3704703
3704705
3704707
3704709
3704711
3704713
3704714
3704717
3704719
3704721
3704723
3704725
3704727
3704729
3704731
3704732
3704735
3704737
3704738
3704741
3704743
3704745
3704747
3704748
3704750
3704753
3704755
3704757
3704759
3704760
3704763
3704765
3704767
3704768
3704771
3704773
3704774
3704777
3704779
3704780
3704783
3704785
3704787
3704789
3704791
3704792
3704795
3704797
3704798
3704801
3704803
3704804
3704807
3704809
3704810
3704813
3704815
3704817
3704819
3704821
3704822
3704825
3704827
3704828
3704831
3704833
3704835
3704837
3704839
3704841
3704843
3704845
3704846
3704849
3704851
3704852
3704855
3704857
3704858
3704861
3704863
3704864
3704867
3704869
3704871
3704873
3704875
3704876
3704879
3704881
3704882
3704885
3704887
3704889
3704891
3704893
3704894
3704897
3704899
3704901
3704903
3704905
3704906
3704909
3704911
3704912
3704915
3704917
3704918
3704921
3704923
3704924
3704927
3704929
3704931
3704933
3704935
3704936
3704939
3704941
3704942
3704945
3704947
3704949
3704951
3704953
3704954
3704957
3704959
3704960
3704963
3704965
3704966
3704969
3704971
3704973
3704975
3704977
3704979
3704981
3704984
3704986
3704987
3704989
3704991
3704993
3704995
3704997
3704999
3705001
3705003
3705005
3705007
3705009
3705011
3705013
3705015
3705016
3705019
3705020
3705023
3705025
3705027
3705029
3705031
3705032
3705035
3705037
3705038
3705041
3705043
3705045
3705047
3705049
3705051
3705053
3705055
3705056
3705058
3705061
3705063
3705065
3705067
3705068
3705071
3705073
3705075
3705077
3705079
3705081
3705083
3705085
3705087
3705089
3705091
3705093
3705095
3705097
3705099
3705101
3705103
3705105
3705107
3705109
3705111
3705113
3705115
3705117
3705119
3705121
3705123
3705125
3705127
3705129
3705131
3705133
3705135
3705137
3705139
3705141
3705143
3705145
3705147
3705149
3705151
3705153
3705155
3705156
3705159
3705161
3705163
3705165
3705167
3705169
3705171
3705173
3705175
3705177
3705179
3705180
3705183
3705185
3705187
3705189
3705191
3705193
3705195
3705196
3705199
3705201
3705203
3705205
3705207
3705208
3705211
3705213
3705215
3705217
3705219
3705221
3705223
3705225
3705227
3705229
3705231
3705233
3705234
3705237
3705239
3705241
3705243
3705245
3705247
3705249
3705251
3705253
3705255
3705257
3705258
3705261
3705263
3705265
3705267
3705269
3705271
3705273
3705275
3705277
3705279
3705281
3705283
3705285
3705286
3705288
3705291
3705293
3705294
3705297
3705299
3705301
3705303
3705305
3705307
3705309
3705311
3705312
3705315
3705317
3705318
3705321
3705323
3705324
3705327
3705329
3705331
3705333
3705335
3705336
3705339
3705341
3705343
3705345
3705347
3705348
3705351
3705353
3705354
3705357
3705358
3705360
3705363
3705364
3705366
3705369
3705371
3705373
3705375
3705377
3705378
3705381
3705383
3705384
3705387
3705389
3705390
3705393
3705395
3705396
3705399
3705401
3705402
3705405
3705407
3705408
3705410
3705413
3705415
3705417
3705419
3705420
3705423
3705425
3705426
3705429
3705431
3705432
3705435
3705437
3705438
3705441
3705443
3705445
3705447
3705449
3705450
3705453
3705455
3705456
3705459
3705461
3705462
3705465
3705467
3705468
3705471
3705472
3705474
3705477
3705479
3705480
3705483
3705485
3705486
3705489
3705491
3705492
3705495
3705497
3705498
3705501
3705503
3705504
3705507
3705509
3705511
3705513
3705515
3705517
3705519
3705521
3705522
3705525
3705527
3705528
3705531
3705533
3705534
3705537
3705539
3705540
3705543
3705545
3705546
3705549
3705551
3705553
3705555
3705557
3705559
3705561
3705563
3705564
3705567
3705569
3705570
3705573
3705575
3705576
3705579
3705581
3705582
3705585
3705587
3705588
3705591
3705593
3705594
3705597
3705599
3705600
3705603
3705605
3705606
3705609
3705611
3705612
3705615
3705617
3705619
3705621
3705623
3705624
3705627
3705629
3705630
3705633
3705634
3705636
3705639
3705641
3705642
3705645
3705647
3705649
3705651
3705653
3705654
3705657
3705659
3705661
3705663
3705665
3705666
3705669
3705671
3705672
3705675
3705677
3705678
3705681
3705683
3705684
3705687
3705689
3705690
3705693
3705695
3705696
3705699
3705701
3705703
3705705
3705707
3705709
3705711
3705713
3705715
3705717
3705719
3705720
3705723
3705725
3705726
3705729
3705731
3705733
3705735
3705737
3705739
3705741
3705743
3705745
3705747
3705749
3705751
3705753
3705755
3705757
3705759
3705761
3705763
3705765
3705767
3705769
3705771
3705773
3705775
3705777
3705779
3705781
3705783
3705785
3705787
3705789
3705791
3705793
3705795
3705797
3705799
3705801
3705803
3705805
3705807
3705809
3705811
3705813
3705815
3705817
3705819
3705821
3705823
3705824
3705826
3705829
3705831
3705832
3705835
3705837
3705839
3705841
3705843
3705845
3705847
3705848
3705851
3705853
3705855
3705857
3705859
3705861
3705862
3705865
3705866
3705869
3705871
3705873
3705875
3705877
3705879
3705881
3705883
3705885
3705886
3705889
3705891
3705892
3705895
3705897
3705899
3705901
3705903
3705905
3705907
3705909
3705910
3705913
3705915
3705917
3705919
3705921
3705922
3705925
3705927
3705928
3705931
3705933
3705935
3705937
3705939
3705940
3705943
3705945
3705947
3705949
3705951
3705952
3705955
3705957
3705958
3705961
3705963
3705965
3705967
3705969
3705970
3705973
3705975
3705976
3705979
3705981
3705982
3705985
3705987
3705988
3705991
3705993
3705995
3705997
3705999
3706000
3706003
3706005
3706006
3706009
3706011
3706012
3706015
3706017
3706018
3706021
3706023
3706025
3706027
3706029
3706030
3706033
3706035
3706036
3706039
3706040
3706042
3706045
3706047
3706048
3706051
3706052
3706054
3706057
3706058
3706060
3706063
3706065
3706066
3706069
3706071
3706073
3706075
3706077
3706079
3706081
3706083
3706084
3706087
3706089
3706090
3706093
3706095
3706096
3706099
3706101
3706102
3706105
3706107
3706108
3706111
3706113
3706114
3706117
3706119
3706120
3706123
3706125
3706127
3706129
3706131
3706132
3706135
3706137
3706138
3706141
3706143
3706144
3706147
3706149
3706150
3706153
3706155
3706156
3706159
3706161
3706163
3706165
3706167
3706169
3706171
3706173
3706174
3706177
3706179
3706180
3706183
3706185
3706186
3706189
3706191
3706193
3706195
3706197
3706198
3706201
3706203
3706204
3706207
3706209
3706210
3706213
3706215
3706217
3706219
3706221
3706222
3706225
3706227
3706229
3706231
3706233
3706235
3706237
3706239
3706240
3706243
3706245
3706246
3706249
3706251
3706253
3706255
3706257
3706258
3706261
3706263
3706264
3706266
3706269
3706270
3706273
3706275
3706276
3706279
3706281
3706282
3706285
3706287
3706288
3706291
3706293
3706295
3706297
3706298
3706301
3706303
3706305
3706306
3706309
3706311
3706312
3706315
3706317
3706318
3706321
3706322
3706325
3706327
3706328
3706330
3706333
3706334
3706336
3706339
3706341
3706342
3706345
3706347
3706349
3706351
3706353
3706355
3706357
3706359
3706361
3706363
3706365
3706366
3706369
3706371
3706373
3706375
3706377
3706378
3706381
3706382
3706385
3706387
3706388
3706391
3706393
3706395
3706396
3706399
3706401
3706403
3706405
3706407
3706408
3706411
3706413
3706415
3706417
3706419
3706420
3706423
3706425
3706427
3706429
3706431
3706433
3706435
3706437
3706439
3706441
3706443
3706444
3706447
3706449
3706451
3706453
3706455
3706457
3706459
3706461
3706463
3706465
3706467
3706469
3706471
3706473
3706475
3706477
3706479
3706480
3706483
3706485
3706487
3706489
3706491
3706493
3706495
3706497
3706499
3706501
3706503
3706505
3706507
3706509
3706511
3706513
3706515
3706517
3706519
3706521
3706523
3706525
3706527
3706528
3706531
3706533
3706535
3706537
3706539
3706541
3706543
3706545
3706547
3706549
3706551
3706553
3706555
3706557
3706559
3706561
3706563
3706565
3706567
3706569
3706571
3706573
3706575
3706577
3706579
3706580
3706583
3706585
3706587
3706589
3706591
3706593
3706595
3706597
3706599
3706601
3706603
3706605
3706607
3706609
3706610
3706613
3706615
3706617
3706619
3706621
3706622
3706625
3706627
3706628
3706631
3706633
3706635
3706637
3706638
3706641
3706643
3706645
3706646
3706649
3706651
3706652
3706655
3706657
3706659
3706661
3706663
3706664
3706667
3706669
3706671
3706673
3706675
3706676
3706679
3706681
3706683
3706685
3706687
3706689
3706691
3706693
3706694
3706697
3706699
3706700
3706703
3706705
3706707
3706709
3706711
3706713
3706715
3706717
3706718
3706721
3706723
3706724
3706727
3706729
3706730
3706733
3706735
3706736
3706739
3706740
3706742
3706745
3706747
3706748
3706751
3706753
3706755
3706757
3706759
3706761
3706763
3706765
3706766
3706769
3706771
3706772
3706775
3706777
3706778
3706781
3706783
3706785
3706787
3706789
3706790
3706793
3706795
3706796
3706799
3706801
3706802
3706805
3706807
3706808
3706811
3706813
3706815
3706817
3706819
3706821
3706823
3706825
3706827
3706829
3706831
3706833
3706835
3706837
3706838
3706841
3706843
3706844
3706847
3706849
3706851
3706853
3706855
3706856
3706859
3706861
3706862
3706865
3706867
3706869
3706871
3706873
3706874
3706877
3706879
3706880
3706883
3706885
3706886
3706889
3706891
3706892
3706895
3706897
3706898
3706901
3706903
3706904
3706907
3706908
3706910
3706913
3706915
3706916
3706919
3706921
3706922
3706925
3706927
3706928
3706931
3706933
3706934
3706937
3706939
3706941
3706943
3706945
3706946
3706949
3706951
3706952
3706955
3706957
3706958
3706961
3706963
3706965
3706967
3706969
3706970
3706973
3706975
3706976
3706979
3706980
3706982
3706985
3706987
3706988
3706991
3706993
3706994
3706997
3706999
3707000
3707003
3707005
3707006
3707009
3707011
3707012
3707015
3707017
3707018
3707021
3707023
3707025
3707027
3707029
3707030
3707033
3707035
3707036
3707039
3707041
3707043
3707045
3707047
3707049
3707051
3707053
3707055
3707057
3707059
3707060
3707063
3707065
3707066
3707069
3707071
3707073
3707075
3707077
3707078
3707081
3707083
3707085
3707087
3707089
3707091
3707093
3707095
3707097
3707099
3707101
3707102
3707105
3707106
3707109
3707111
3707113
3707114
3707117
3707119
3707121
3707122
3707125
3707126
3707129
3707130
3707133
3707135
3707137
3707137
3707141
3707143
3707144
3707147
3707149
3707150
3707153
3707155
3707156
3707159
3707161
3707163
3707165
3707167
3707169
3707171
3707172
3707175
3707177
3707179
3707181
3707183
3707184
3707186
3707189
3707191
3707193
3707195
3707196
3707199
3707201
3707203
3707205
3707207
3707209
3707211
3707213
3707215
3707217
3707219
3707220
3707223
3707225
3707227
3707229
3707231
3707233
3707235
3707237
3707238
3707241
3707243
3707244
3707247
3707249
3707251
3707253
3707255
3707257
3707259
3707260
3707263
3707265
3707267
3707268
3707271
3707273
3707274
3707277
3707279
3707281
3707283
3707285
3707287
3707289
3707291
3707293
3707295
3707297
3707298
3707301
3707303
3707304
3707307
3707309
3707310
3707313
3707315
3707317
3707319
3707321
3707323
3707325
3707327
3707329
3707331
3707332
3707335
3707336
3707339
3707340
3707343
3707345
3707347
3707349
3707351
3707352
3707355
3707357
3707359
3707361
3707363
3707365
3707367
3707369
3707371
3707373
3707375
3707377
3707379
3707381
3707382
3707385
3707387
3707388
3707391
3707393
3707394
3707397
3707399
3707400
3707403
3707404
3707406
3707409
3707410
3707412
3707415
3707417
3707419
3707421
3707423
3707424
3707427
3707429
3707430
3707433
3707435
3707436
3707439
3707441
3707443
3707445
3707447
3707448
3707451
3707453
3707454
3707457
3707459
3707460
3707463
3707465
3707466
3707469
3707471
3707473
3707475
3707477
3707478
3707481
3707483
3707485
3707487
3707489
3707491
3707493
3707495
3707496
3707499
3707501
3707502
3707505
3707507
3707508
3707511
3707513
3707514
3707517
3707519
3707520
3707523
3707525
3707526
3707529
3707531
3707532
3707535
3707537
3707538
3707541
3707543
3707544
3707547
3707549
3707551
3707553
3707555
3707556
3707559
3707561
3707562
3707565
3707567
3707569
3707571
3707573
3707575
3707577
3707579
3707581
3707583
3707585
3707586
3707589
3707591
3707592
3707595
3707597
3707599
3707601
3707603
3707604
3707607
3707609
3707610
3707613
3707615
3707616
3707619
3707620
3707622
3707625
3707627
3707628
3707631
3707633
3707634
3707637
3707639
3707640
3707643
3707645
3707646
3707649
3707651
3707652
3707655
3707657
3707658
3707661
3707662
3707664
3707667
3707668
3707670
3707673
3707675
3707677
3707679
3707680
3707683
3707685
3707687
3707688
3707691
3707693
3707694
3707697
3707699
3707701
3707703
3707704
3707707
3707709
3707711
3707713
3707715
3707717
3707718
3707721
3707723
3707724
3707727
3707729
3707730
3707733
3707735
3707736
3707739
3707741
3707743
3707745
3707747
3707749
3707751
3707753
3707754
3707757
3707759
3707760
3707763
3707764
3707766
3707769
3707771
3707772
3707775
3707777
3707778
3707781
3707783
3707785
3707787
3707789
3707791
3707793
3707795
3707796
3707799
3707801
3707803
3707805
3707807
3707809
3707811
3707812
3707815
3707817
3707819
3707820
3707823
3707824
3707826
3707829
3707830
3707832
3707835
3707837
3707837
3707841
3707843
3707844
3707847
3707849
3707851
3707853
3707855
3707857
3707859
3707861
3707863
3707865
3707866
3707868
3707871
3707873
3707875
3707877
3707879
3707880
3707883
3707885
3707887
3707889
3707891
3707893
3707895
3707897
3707899
3707901
3707903
3707905
3707907
3707908
3707911
3707913
3707915
3707917
3707919
3707921
3707923
3707925
3707927
3707929
3707931
3707933
3707935
3707937
3707939
3707941
3707943
3707945
3707947
3707949
3707951
3707952
3707955
3707957
3707959
3707961
3707963
3707965
3707967
3707969
3707971
3707973
3707974
3707977
3707978
3707980
3707983
3707985
3707987
3707989
3707991
3707993
3707995
3707997
3707999
3708001
3708003
3708004
3708007
3708009
3708011
3708013
3708015
3708016
3708019
3708021
3708023
3708025
3708027
3708028
3708030
3708033
3708035
3708037
3708039
3708041
3708043
3708045
3708047
3708049
3708051
3708052
3708055
3708057
3708058
3708061
3708062
3708064
3708067
3708069
3708071
3708073
3708075
3708077
3708079
3708081
3708082
3708085
3708087
3708089
3708091
3708092
3708095
3708097
3708099
3708100
3708103
3708105
3708106
3708109
3708111
3708112
3708115
3708117
3708118
3708121
3708123
3708125
3708127
3708129
3708130
3708133
3708135
3708137
3708139
3708141
3708142
3708145
3708147
3708148
3708151
3708153
3708155
3708157
3708159
3708161
3708163
3708165
3708166
3708169
3708170
3708172
3708175
3708176
3708178
3708181
3708183
3708184
3708187
3708189
3708190
3708192
3708194
3708196
3708199
3708201
3708202
3708205
3708207
3708208
3708211
3708213
3708214
3708217
3708219
3708220
3708223
3708225
3708226
3708229
3708231
3708232
3708235
3708237
3708238
3708241
3708243
3708244
3708247
3708249
3708250
3708253
3708255
3708256
3708259
3708261
3708262
3708265
3708267
3708268
3708271
3708273
3708274
3708277
3708279
3708281
3708283
3708284
3708286
3708289
3708291
3708292
3708295
3708297
3708298
3708301
3708303
3708304
3708307
3708309
3708310
3708313
3708315
3708316
3708319
3708320
3708323
3708325
3708327
3708328
3708331
3708332
3708334
3708337
3708338
3708340
3708343
3708345
3708347
3708349
3708351
3708352
3708355
3708356
3708358
3708361
3708363
3708364
3708367
3708369
3708371
3708373
3708375
3708376
3708379
3708380
3708382
3708385
3708386
3708388
3708391
3708393
3708394
3708397
3708399
3708400
3708403
3708405
3708407
3708409
3708411
3708412
3708415
3708417
3708419
3708421
3708423
3708424
3708427
3708429
3708431
3708433
3708434
3708436
3708439
3708441
3708443
3708445
3708447
3708449
3708451
3708453
3708454
3708457
3708459
3708460
3708463
3708465
3708467
3708469
3708471
3708473
3708475
3708476
3708479
3708481
3708483
3708485
3708487
3708489
3708491
3708493
3708493
3708496
3708499
3708501
3708502
3708505
3708507
3708509
3708511
3708513
3708514
3708517
3708518
3708521
3708523
3708524
3708527
3708529
3708530
3708533
3708535
3708537
3708539
3708541
3708543
3708545
3708547
3708549
3708551
3708553
3708555
3708557
3708559
3708561
3708563
3708565
3708567
3708568
3708571
3708573
3708575
3708577
3708579
3708581
3708583
3708584
3708586
3708588
3708591
3708592
3708595
3708597
3708599
3708601
3708603
3708605
3708607
3708609
3708611
3708613
3708615
3708617
3708619
3708621
3708623
3708625
3708627
3708629
3708631
3708633
3708635
3708637
3708638
3708641
3708642
3708645
3708647
3708649
3708651
3708653
3708655
3708657
3708659
3708661
3708663
3708664
3708667
3708669
3708671
3708673
3708674
3708677
3708679
3708680
3708683
3708685
3708686
3708689
3708691
3708693
3708695
3708697
3708699
3708701
3708702
3708705
3708707
3708708
3708711
3708713
3708715
3708716
3708719
3708721
3708723
3708725
3708727
3708728
3708731
3708733
3708734
3708737
3708739
3708741
3708743
3708745
3708747
3708749
3708751
3708752
3708755
3708757
3708759
3708761
3708763
3708764
3708767
3708769
3708770
3708773
3708775
3708776
3708779
3708781
3708782
3708785
3708786
3708789
3708791
3708793
3708794
3708797
3708799
3708800
3708803
3708805
3708806
3708809
3708811
3708813
3708815
3708817
3708818
3708821
3708823
3708825
3708827
3708829
3708831
3708833
3708834
3708837
3708839
3708841
3708842
3708845
3708847
3708848
3708851
3708853
3708854
3708857
3708859
3708860
3708863
3708865
3708866
3708869
3708871
3708872
3708875
3708877
3708878
3708881
3708882
3708884
3708887
3708889
3708890
3708893
3708895
3708897
3708899
3708901
3708903
3708905
3708907
3708908
3708911
3708913
3708914
3708917
3708918
3708920
3708923
3708925
3708927
3708929
3708931
3708932
3708935
3708936
3708938
3708941
3708943
3708944
3708947
3708949
3708951
3708953
3708955
3708956
3708959
3708961
3708963
3708965
3708967
3708968
3708971
3708973
3708974
3708977
3708978
3708981
3708983
3708985
3708986
3708989
3708991
3708992
3708995
3708997
3708998
3709001
3709002
3709004
3709007
3709008
3709010
3709013
3709015
3709016
3709019
3709020
3709022
3709025
3709027
3709028
3709031
3709033
3709035
3709037
3709039
3709040
3709043
3709044
3709046
3709048
3709051
3709052
3709055
3709057
3709058
3709061
3709063
3709064
3709067
3709069
3709070
3709073
3709075
3709076
3709079
3709081
3709083
3709085
3709087
3709088
3709091
3709093
3709094
3709097
3709099
3709100
3709103
3709105
3709106
3709109
3709111
3709112
3709115
3709117
3709118
3709121
3709123
3709125
3709127
3709129
3709130
3709133
3709135
3709136
3709139
3709140
3709142
3709145
3709147
3709148
3709151
3709153
3709155
3709157
3709159
3709160
3709163
3709165
3709166
3709169
3709171
3709172
3709175
3709177
3709179
3709181
3709183
3709184
3709187
3709188
3709190
3709193
3709195
3709196
3709199
3709201
3709202
3709205
3709207
3709208
3709211
3709213
3709214
3709217
3709219
3709221
3709223
3709225
3709226
3709229
3709231
3709232
3709235
3709236
3709239
3709241
3709243
3709245
3709247
3709248
3709251
3709253
3709254
3709256
3709259
3709260
3709262
3709265
3709267
3709269
3709271
3709273
3709274
3709277
3709279
3709281
3709282
3709285
3709287
3709289
3709291
3709293
3709295
3709296
3709299
3709301
3709302
3709305
3709307
3709309
3709311
3709313
3709313
3709317
3709319
3709321
3709323
3709325
3709327
3709329
3709330
3709333
3709335
3709337
3709339
3709341
3709343
3709344
3709347
3709349
3709351
3709353
3709355
3709356
3709359
3709361
3709363
3709365
3709367
3709368
3709371
3709373
3709374
3709377
3709379
3709380
3709383
3709385
3709387
3709389
3709391
3709393
3709395
3709397
3709398
3709401
3709403
3709405
3709407
3709409
3709410
3709413
3709414
3709416
3709419
3709421
3709422
3709425
3709427
3709428
3709431
3709432
3709434
3709437
3709439
3709440
3709443
3709445
3709446
3709449
3709451
3709452
3709455
3709457
3709458
3709461
3709463
3709464
3709467
3709469
3709470
3709473
3709475
3709476
3709479
3709481
3709482
3709485
3709487
3709488
3709491
3709493
3709494
3709497
3709499
3709500
3709503
3709505
3709506
3709509
3709511
3709512
3709515
3709516
3709518
3709521
3709523
3709525
3709527
3709529
3709530
3709533
3709535
3709536
3709539
3709540
3709542
3709545
3709547
3709548
3709551
3709553
3709554
3709557
3709559
3709561
3709563
3709565
3709566
3709569
3709571
3709572
3709575
3709577
3709578
3709581
3709583
3709584
3709587
3709589
3709590
3709593
3709595
3709596
3709599
3709600
3709602
3709605
3709607
3709608
3709611
3709613
3709614
3709617
3709619
3709620
3709623
3709625
3709626
3709629
3709630
3709632
3709635
3709637
3709638
3709641
3709643
3709644
3709647
3709649
3709650
3709653
3709655
3709656
3709659
3709661
3709662
3709665
3709667
3709668
3709671
3709673
3709674
3709677
3709678
3709681
3709683
3709685
3709686
3709689
3709690
3709692
3709695
3709697
3709698
3709701
3709703
3709704
3709707
3709709
3709710
3709713
3709715
3709716
3709719
3709721
3709722
3709725
3709727
3709728
3709730
3709733
3709734
3709737
3709739
3709740
3709743
3709745
3709746
3709749
3709751
3709752
3709755
3709757
3709758
3709761
3709763
3709764
3709767
3709768
3709770
3709773
3709775
3709776
3709779
3709780
3709782
3709785
3709787
3709789
3709791
3709793
3709794
3709797
3709799
3709801
3709803
3709805
3709806
3709809
3709811
3709812
3709815
3709817
3709818
3709821
3709822
3709824
3709827
3709829
3709830
3709833
3709835
3709836
3709839
3709841
3709842
3709845
3709846
3709848
3709851
3709853
3709855
3709857
3709859
3709861
3709863
3709865
3709867
3709869
3709871
3709872
3709875
3709877
3709878
3709881
3709883
3709885
3709887
3709889
3709890
3709892
3709895
3709897
3709899
3709901
3709902
3709904
3709907
3709909
3709911
3709913
3709915
3709917
3709919
3709921
3709923
3709925
3709927
3709929
3709931
3709933
3709935
3709937
3709939
3709941
3709942
3709945
3709947
3709948
3709951
3709953
3709955
3709957
3709959
3709961
3709962
3709965
3709967
3709968
3709971
3709973
3709975
3709977
3709979
3709981
3709983
3709984
3709987
3709989
3709991
3709993
3709995
3709996
3709998
3710001
3710002
3710005
3710007
3710008
3710011
3710012
3710015
3710017
3710019
3710021
3710022
3710025
3710027
3710029
3710030
3710032
3710035
3710037
3710039
3710041
3710043
3710044
3710047
3710049
3710051
3710053
3710055
3710056
3710059
3710061
3710063
3710065
3710067
3710069
3710071
3710073
3710075
3710077
3710079
3710080
3710083
3710085
3710086
3710089
3710091
3710093
3710095
3710097
3710098
3710101
3710103
3710104
3710107
3710109
3710110
3710113
3710115
3710116
3710118
3710120
3710122
3710125
3710127
3710128
3710131
3710133
3710134
3710137
3710139
3710140
3710143
3710145
3710147
3710149
3710150
3710152
3710155
3710157
3710159
3710161
3710163
3710165
3710167
3710168
3710170
3710173
3710175
3710176
3710179
3710180
3710182
3710185
3710187
3710188
3710191
3710193
3710195
3710197
3710199
3710200
3710203
3710205
3710207
3710209
3710211
3710212
3710215
3710217
3710218
3710221
3710223
3710224
3710227
3710229
3710231
3710233
3710235
3710236
3710239
3710241
3710242
3710245
3710247
3710248
3710251
3710253
3710254
3710257
3710259
3710260
3710263
3710265
3710266
3710269
3710271
3710272
3710275
3710277
3710278
3710281
3710283
3710284
3710287
3710288
3710290
3710293
3710295
3710296
3710299
3710301
3710302
3710305
3710306
3710308
3710311
3710313
3710314
3710317
3710319
3710320
3710323
3710325
3710326
3710329
3710331
3710332
3710335
3710337
3710338
3710341
3710343
3710344
3710347
3710348
3710350
3710353
3710354
3710356
3710359
3710360
3710362
3710365
3710366
3710368
3710371
3710373
3710374
3710377
3710379
3710380
3710383
3710385
3710386
3710389
3710391
3710392
3710395
3710397
3710398
3710400
3710403
3710404
3710407
3710408
3710410
3710413
3710415
3710416
3710419
3710420
3710422
3710425
3710427
3710428
3710431
3710432
3710434
3710437
3710439
3710440
3710443
3710445
3710446
3710449
3710451
3710452
3710455
3710457
3710458
3710461
3710463
3710464
3710467
3710468
3710470
3710473
3710474
3710476
3710479
3710480
3710482
3710485
3710487
3710488
3710491
3710493
3710494
3710497
3710499
3710500
3710503
3710505
3710507
3710509
3710510
3710513
3710515
3710516
3710518
3710521
3710523
3710525
3710527
3710529
3710531
3710533
3710534
3710536
3710539
3710541
3710542
3710545
3710546
3710549
3710551
3710553
3710555
3710557
3710559
3710560
3710563
3710564
3710567
3710569
3710571
3710572
3710575
3710576
3710578
3710581
3710583
3710585
3710587
3710589
3710591
3710593
3710595
3710596
3710599
3710601
3710603
3710605
3710606
3710608
3710611
3710613
3710615
3710617
3710619
3710620
3710623
3710624
3710626
3710629
3710630
3710633
3710635
3710637
3710638
3710641
3710642
3710645
3710647
3710649
3710651
3710653
3710655
3710656
3710659
3710660
3710663
3710665
3710666
3710669
3710671
3710672
3710675
3710677
3710683
3710685
3710687
3710689
3710691
3710693
3710695
3710697
3710698
3710701
3710703
3710705
3710707
3710709
3710711
3710713
3710715
3710717
3710719
3710721
3710723
3710725
3710727
3710729
3710731
3710732
3710735
3710737
3710739
3710741
3710743
3710745
3710747
3710749
3710750
3710753
3710755
3710756
3710759
3710760
3710763
3710765
3710766
3710768
3710771
3710773
3710774
3710777
3710779
3710781
3710783
3710785
3710786
3710789
3710791
3710793
3710795
3710797
